AIRPORT,Year,Month,Domestic_In,Domestic_Out,Domestic_Total,International_In,International_Out,International_Total,Pax_In,Pax_Out,Pax_Total
ADELAIDE,1985,1,81661,81630,163291,5806,4733,10539,87467,86363,173830
ALICE SPRINGS,1985,1,19238,17887,37125,0,0,0,19238,17887,37125
All Australian Airports,1985,1,1192395,1192395,2384790,263795,208770,472565,1456190,1401165,2857355
BALLINA,1985,1,0,0,0,0,0,0,0,0,0
BRISBANE,1985,1,120950,120776,241726,25867,19178,45045,146817,139954,286771
CAIRNS,1985,1,18840,19865,38705,1683,1329,3012,20523,21194,41717
CANBERRA,1985,1,33809,30739,64548,0,0,0,33809,30739,64548
DARWIN,1985,1,17450,14328,31778,2942,1837,4779,20392,16165,36557
GOLD COAST,1985,1,35352,44203,79555,0,0,0,35352,44203,79555
HAMILTON ISLAND,1985,1,2106,2398,4504,0,0,0,2106,2398,4504
HOBART,1985,1,25517,32140,57657,903,886,1789,26420,33026,59446
KARRATHA,1985,1,8030,7402,15432,0,0,0,8030,7402,15432
LAUNCESTON,1985,1,30742,36374,67116,0,0,0,30742,36374,67116
MACKAY,1985,1,7914,8000,15914,0,0,0,7914,8000,15914
MELBOURNE,1985,1,226906,206515,433421,60993,46287,107280,287899,252802,540701
PERTH,1985,1,55405,65471,120876,22914,21799,44713,78319,87270,165589
ROCKHAMPTON,1985,1,18040,18052,36092,0,0,0,18040,18052,36092
SUNSHINE COAST,1985,1,4050,4711,8761,0,0,0,4050,4711,8761
SYDNEY,1985,1,264596,255215,519811,140832,111007,251839,405428,366222,771650
TOWNSVILLE,1985,1,39736,38836,78572,1358,990,2348,41094,39826,80920
NEWCASTLE,1985,1,6739,6742,13481,0,0,0,6739,6742,13481
ADELAIDE,1985,2,67452,64219,131671,4260,3555,7815,71712,67774,139486
ALICE SPRINGS,1985,2,14526,14432,28958,0,0,0,14526,14432,28958
All Australian Airports,1985,2,957067,957067,1914134,204953,179222,384175,1162020,1136289,2298309
BALLINA,1985,2,0,0,0,0,0,0,0,0,0
BRISBANE,1985,2,81160,83347,164507,15480,15964,31444,96640,99311,195951
CAIRNS,1985,2,12977,12761,25738,1023,1238,2261,14000,13999,27999
CANBERRA,1985,2,38132,37396,75528,0,0,0,38132,37396,75528
DARWIN,1985,2,9983,10060,20043,1646,1391,3037,11629,11451,23080
GOLD COAST,1985,2,18624,21886,40510,0,0,0,18624,21886,40510
HAMILTON ISLAND,1985,2,1329,1338,2667,0,0,0,1329,1338,2667
HOBART,1985,2,17103,15967,33070,776,587,1363,17879,16554,34433
KARRATHA,1985,2,6380,6313,12693,0,0,0,6380,6313,12693
LAUNCESTON,1985,2,25295,24221,49516,0,0,0,25295,24221,49516
MACKAY,1985,2,5762,6057,11819,0,0,0,5762,6057,11819
MELBOURNE,1985,2,188861,186715,375576,49421,38273,87694,238282,224988,463270
PERTH,1985,2,46358,45719,92077,22745,17663,40408,69103,63382,132485
ROCKHAMPTON,1985,2,14034,14050,28084,0,0,0,14034,14050,28084
SUNSHINE COAST,1985,2,2496,2551,5047,0,0,0,2496,2551,5047
SYDNEY,1985,2,221660,224954,446614,108155,99301,207456,329815,324255,654070
TOWNSVILLE,1985,2,27330,27425,54755,849,825,1674,28179,28250,56429
NEWCASTLE,1985,2,4634,4662,9296,0,0,0,4634,4662,9296
ADELAIDE,1985,3,77448,79177,156625,5288,5157,10445,82736,84334,167070
ALICE SPRINGS,1985,3,17940,17696,35636,0,0,0,17940,17696,35636
All Australian Airports,1985,3,1125440,1125440,2250880,209513,231582,441095,1334953,1357022,2691975
BALLINA,1985,3,0,0,0,0,0,0,0,0,0
BRISBANE,1985,3,102047,101849,203896,19853,20203,40056,121900,122052,243952
CAIRNS,1985,3,16189,15800,31989,1407,1383,2790,17596,17183,34779
CANBERRA,1985,3,45206,45866,91072,0,0,0,45206,45866,91072
DARWIN,1985,3,11487,10953,22440,1459,1738,3197,12946,12691,25637
GOLD COAST,1985,3,22431,24067,46498,0,0,0,22431,24067,46498
HAMILTON ISLAND,1985,3,1985,1966,3951,0,0,0,1985,1966,3951
HOBART,1985,3,19004,20043,39047,938,735,1673,19942,20778,40720
KARRATHA,1985,3,6549,6765,13314,0,0,0,6549,6765,13314
LAUNCESTON,1985,3,28666,29572,58238,0,0,0,28666,29572,58238
MACKAY,1985,3,7680,7623,15303,0,0,0,7680,7623,15303
MELBOURNE,1985,3,217909,218024,435933,43664,52459,96123,261573,270483,532056
PERTH,1985,3,53091,52790,105881,19693,21932,41625,72784,74722,147506
ROCKHAMPTON,1985,3,17180,17276,34456,0,0,0,17180,17276,34456
SUNSHINE COAST,1985,3,3226,3308,6534,0,0,0,3226,3308,6534
SYDNEY,1985,3,265222,258618,523840,115643,126489,242132,380865,385107,765972
TOWNSVILLE,1985,3,33913,33861,67774,808,748,1556,34721,34609,69330
NEWCASTLE,1985,3,5237,5279,10516,0,0,0,5237,5279,10516
ADELAIDE,1985,4,76105,77891,153996,3346,4721,8067,79451,82612,162063
ALICE SPRINGS,1985,4,17801,17930,35731,0,0,0,17801,17930,35731
All Australian Airports,1985,4,1134341,1134341,2268682,182673,214403,397076,1317014,1348744,2665758
BALLINA,1985,4,0,0,0,0,0,0,0,0,0
BRISBANE,1985,4,113936,113825,227761,17826,17715,35541,131762,131540,263302
CAIRNS,1985,4,18046,17633,35679,2161,1442,3603,20207,19075,39282
CANBERRA,1985,4,39409,40788,80197,0,0,0,39409,40788,80197
DARWIN,1985,4,13095,12089,25184,1795,1653,3448,14890,13742,28632
GOLD COAST,1985,4,25647,27669,53316,0,0,0,25647,27669,53316
HAMILTON ISLAND,1985,4,2190,2062,4252,0,0,0,2190,2062,4252
HOBART,1985,4,21944,22608,44552,618,517,1135,22562,23125,45687
KARRATHA,1985,4,7440,7359,14799,0,0,0,7440,7359,14799
LAUNCESTON,1985,4,27177,26811,53988,0,0,0,27177,26811,53988
MACKAY,1985,4,7671,7538,15209,0,0,0,7671,7538,15209
MELBOURNE,1985,4,210788,208682,419470,37818,49088,86906,248606,257770,506376
PERTH,1985,4,50548,51208,101756,16688,20041,36729,67236,71249,138485
ROCKHAMPTON,1985,4,17035,16954,33989,0,0,0,17035,16954,33989
SUNSHINE COAST,1985,4,3802,3758,7560,0,0,0,3802,3758,7560
SYDNEY,1985,4,261616,261647,523263,100570,117461,218031,362186,379108,741294
TOWNSVILLE,1985,4,35619,34814,70433,869,952,1821,36488,35766,72254
NEWCASTLE,1985,4,5624,5655,11279,0,0,0,5624,5655,11279
ADELAIDE,1985,5,83597,88333,171930,3943,5037,8980,87540,93370,180910
ALICE SPRINGS,1985,5,20768,21099,41867,0,0,0,20768,21099,41867
All Australian Airports,1985,5,1261049,1261049,2522098,198902,224350,423252,1459951,1485399,2945350
BALLINA,1985,5,0,0,0,0,0,0,0,0,0
BRISBANE,1985,5,125294,123429,248723,18058,17240,35298,143352,140669,284021
CAIRNS,1985,5,20393,19871,40264,1401,1843,3244,21794,21714,43508
CANBERRA,1985,5,47245,47193,94438,0,0,0,47245,47193,94438
DARWIN,1985,5,14915,14254,29169,1508,1616,3124,16423,15870,32293
GOLD COAST,1985,5,30380,31481,61861,0,0,0,30380,31481,61861
HAMILTON ISLAND,1985,5,2488,2602,5090,0,0,0,2488,2602,5090
HOBART,1985,5,19927,23044,42971,743,593,1336,20670,23637,44307
KARRATHA,1985,5,8669,8803,17472,0,0,0,8669,8803,17472
LAUNCESTON,1985,5,24651,27024,51675,0,0,0,24651,27024,51675
MACKAY,1985,5,8714,8725,17439,0,0,0,8714,8725,17439
MELBOURNE,1985,5,234660,231421,466081,43843,53808,97651,278503,285229,563732
PERTH,1985,5,58949,60948,119897,17868,22092,39960,76817,83040,159857
ROCKHAMPTON,1985,5,19235,19203,38438,0,0,0,19235,19203,38438
SUNSHINE COAST,1985,5,4129,4105,8234,0,0,0,4129,4105,8234
SYDNEY,1985,5,293500,285865,579365,109520,120321,229841,403020,406186,809206
TOWNSVILLE,1985,5,41194,40990,82184,1146,892,2038,42340,41882,84222
NEWCASTLE,1985,5,5694,5792,11486,0,0,0,5694,5792,11486
ADELAIDE,1985,6,75907,73384,149291,4304,4905,9209,80211,78289,158500
ALICE SPRINGS,1985,6,19806,20302,40108,0,0,0,19806,20302,40108
All Australian Airports,1985,6,1103678,1103678,2207356,193943,209080,403023,1297621,1312758,2610379
BALLINA,1985,6,0,0,0,0,0,0,0,0,0
BRISBANE,1985,6,112589,117916,230505,21490,23819,45309,134079,141735,275814
CAIRNS,1985,6,21362,19550,40912,2227,1594,3821,23589,21144,44733
CANBERRA,1985,6,37385,36802,74187,0,0,0,37385,36802,74187
DARWIN,1985,6,15519,16367,31886,1783,2538,4321,17302,18905,36207
GOLD COAST,1985,6,22606,23929,46535,0,0,0,22606,23929,46535
HAMILTON ISLAND,1985,6,1661,1907,3568,0,0,0,1661,1907,3568
HOBART,1985,6,20281,19188,39469,657,559,1216,20938,19747,40685
KARRATHA,1985,6,8203,8015,16218,0,0,0,8203,8015,16218
LAUNCESTON,1985,6,21231,21283,42514,0,0,0,21231,21283,42514
MACKAY,1985,6,8925,8943,17868,0,0,0,8925,8943,17868
MELBOURNE,1985,6,193668,196578,390246,43094,47240,90334,236762,243818,480580
PERTH,1985,6,51062,49806,100868,19507,20815,40322,70569,70621,141190
ROCKHAMPTON,1985,6,17853,18012,35865,0,0,0,17853,18012,35865
SUNSHINE COAST,1985,6,3260,3484,6744,0,0,0,3260,3484,6744
SYDNEY,1985,6,247805,247015,494820,98770,105640,204410,346575,352655,699230
TOWNSVILLE,1985,6,39653,39529,79182,1299,1208,2507,40952,40737,81689
NEWCASTLE,1985,6,5194,5228,10422,0,0,0,5194,5228,10422
ADELAIDE,1985,7,73473,74467,147940,3851,3766,7617,77324,78233,155557
ALICE SPRINGS,1985,7,22723,22149,44872,0,0,0,22723,22149,44872
All Australian Airports,1985,7,1072786,1072786,2145572,206179,196596,402775,1278965,1269382,2548347
BALLINA,1985,7,0,0,0,0,0,0,0,0,0
BRISBANE,1985,7,119371,112580,231951,25341,20378,45719,144712,132958,277670
CAIRNS,1985,7,22989,23005,45994,2382,1957,4339,25371,24962,50333
CANBERRA,1985,7,39226,39099,78325,0,0,0,39226,39099,78325
DARWIN,1985,7,18452,17328,35780,3113,2611,5724,21565,19939,41504
GOLD COAST,1985,7,24514,22391,46905,0,0,0,24514,22391,46905
HAMILTON ISLAND,1985,7,1759,1739,3498,0,0,0,1759,1739,3498
HOBART,1985,7,14619,15569,30188,304,350,654,14923,15919,30842
KARRATHA,1985,7,8029,8140,16169,0,0,0,8029,8140,16169
LAUNCESTON,1985,7,16315,16603,32918,0,0,0,16315,16603,32918
MACKAY,1985,7,9029,8883,17912,0,0,0,9029,8883,17912
MELBOURNE,1985,7,185888,191484,377372,47568,50356,97924,233456,241840,475296
PERTH,1985,7,49919,50242,100161,18260,18739,36999,68179,68981,137160
ROCKHAMPTON,1985,7,18626,18461,37087,0,0,0,18626,18461,37087
SUNSHINE COAST,1985,7,3631,3492,7123,0,0,0,3631,3492,7123
SYDNEY,1985,7,219185,221840,441025,102757,96434,199191,321942,318274,640216
TOWNSVILLE,1985,7,44583,44332,88915,1957,1353,3310,46540,45685,92225
NEWCASTLE,1985,7,5617,5934,11551,0,0,0,5617,5934,11551
ADELAIDE,1985,8,85479,84196,169675,4056,4822,8878,89535,89018,178553
ALICE SPRINGS,1985,8,25718,24974,50692,0,0,0,25718,24974,50692
All Australian Airports,1985,8,1273956,1273956,2547912,216594,229109,445703,1490550,1503065,2993615
BALLINA,1985,8,0,0,0,0,0,0,0,0,0
BRISBANE,1985,8,139208,130539,269747,19619,20210,39829,158827,150749,309576
CAIRNS,1985,8,25710,23356,49066,2691,2243,4934,28401,25599,54000
CANBERRA,1985,8,39542,42161,81703,0,0,0,39542,42161,81703
DARWIN,1985,8,17914,18556,36470,1945,1997,3942,19859,20553,40412
GOLD COAST,1985,8,40924,32135,73059,0,0,0,40924,32135,73059
HAMILTON ISLAND,1985,8,3217,2467,5684,0,0,0,3217,2467,5684
HOBART,1985,8,19460,19732,39192,414,611,1025,19874,20343,40217
KARRATHA,1985,8,8995,9028,18023,0,0,0,8995,9028,18023
LAUNCESTON,1985,8,22147,20264,42411,0,0,0,22147,20264,42411
MACKAY,1985,8,8476,8220,16696,0,0,0,8476,8220,16696
MELBOURNE,1985,8,219731,239999,459730,51807,52527,104334,271538,292526,564064
PERTH,1985,8,58175,58002,116177,20118,20182,40300,78293,78184,156477
ROCKHAMPTON,1985,8,18586,18501,37087,0,0,0,18586,18501,37087
SUNSHINE COAST,1985,8,4502,3758,8260,0,0,0,4502,3758,8260
SYDNEY,1985,8,287009,293015,580024,114148,124626,238774,401157,417641,818798
TOWNSVILLE,1985,8,49148,48552,97700,1031,1142,2173,50179,49694,99873
NEWCASTLE,1985,8,5387,5506,10893,0,0,0,5387,5506,10893
ADELAIDE,1985,9,86165,81845,168010,5283,3531,8814,91448,85376,176824
ALICE SPRINGS,1985,9,23090,24534,47624,0,0,0,23090,24534,47624
All Australian Airports,1985,9,1287769,1287769,2575538,243608,197542,441150,1531377,1485311,3016688
BALLINA,1985,9,0,0,0,0,0,0,0,0,0
BRISBANE,1985,9,128804,138577,267381,19782,23022,42804,148586,161599,310185
CAIRNS,1985,9,21420,25153,46573,2132,1488,3620,23552,26641,50193
CANBERRA,1985,9,44654,41255,85909,0,0,0,44654,41255,85909
DARWIN,1985,9,14892,16833,31725,1901,1916,3817,16793,18749,35542
GOLD COAST,1985,9,30340,45305,75645,0,0,0,30340,45305,75645
HAMILTON ISLAND,1985,9,2175,3049,5224,0,0,0,2175,3049,5224
HOBART,1985,9,22617,21661,44278,729,525,1254,23346,22186,45532
KARRATHA,1985,9,8919,8930,17849,0,0,0,8919,8930,17849
LAUNCESTON,1985,9,25567,25349,50916,0,0,0,25567,25349,50916
MACKAY,1985,9,8799,9495,18294,0,0,0,8799,9495,18294
MELBOURNE,1985,9,245101,222696,467797,62602,41145,103747,307703,263841,571544
PERTH,1985,9,65556,62651,128207,25371,20212,45583,90927,82863,173790
ROCKHAMPTON,1985,9,20212,20654,40866,0,0,0,20212,20654,40866
SUNSHINE COAST,1985,9,3525,4752,8277,0,0,0,3525,4752,8277
SYDNEY,1985,9,292544,284823,577367,123879,103618,227497,416423,388441,804864
TOWNSVILLE,1985,9,45118,47448,92566,956,1041,1997,46074,48489,94563
NEWCASTLE,1985,9,6213,6067,12280,0,0,0,6213,6067,12280
ADELAIDE,1985,10,88607,80708,169315,5286,2970,8256,93893,83678,177571
ALICE SPRINGS,1985,10,22631,22829,45460,0,0,0,22631,22829,45460
All Australian Airports,1985,10,1254244,1254244,2508488,249262,178319,427581,1503506,1432563,2936069
BALLINA,1985,10,0,0,0,0,0,0,0,0,0
BRISBANE,1985,10,131128,125462,256590,23452,17953,41405,154580,143415,297995
CAIRNS,1985,10,21746,22420,44166,2928,1471,4399,24674,23891,48565
CANBERRA,1985,10,46382,46590,92972,0,0,0,46382,46590,92972
DARWIN,1985,10,13975,15367,29342,1940,1743,3683,15915,17110,33025
GOLD COAST,1985,10,31629,33954,65583,0,0,0,31629,33954,65583
HAMILTON ISLAND,1985,10,2567,2396,4963,0,0,0,2567,2396,4963
HOBART,1985,10,19739,18958,38697,587,374,961,20326,19332,39658
KARRATHA,1985,10,8374,8370,16744,0,0,0,8374,8370,16744
LAUNCESTON,1985,10,23369,23080,46449,0,0,0,23369,23080,46449
MACKAY,1985,10,8641,8773,17414,0,0,0,8641,8773,17414
MELBOURNE,1985,10,223269,226136,449405,58200,35929,94129,281469,262065,543534
PERTH,1985,10,58061,58706,116767,24289,16178,40467,82350,74884,157234
ROCKHAMPTON,1985,10,19659,19606,39265,0,0,0,19659,19606,39265
SUNSHINE COAST,1985,10,3704,3841,7545,0,0,0,3704,3841,7545
SYDNEY,1985,10,288941,297506,586447,130501,99867,230368,419442,397373,816815
TOWNSVILLE,1985,10,45357,45607,90964,1123,1014,2137,46480,46621,93101
NEWCASTLE,1985,10,6425,6356,12781,0,0,0,6425,6356,12781
ADELAIDE,1985,11,83986,88134,172120,4903,4107,9010,88889,92241,181130
ALICE SPRINGS,1985,11,21311,21604,42915,0,0,0,21311,21604,42915
All Australian Airports,1985,11,1213429,1213429,2426858,233980,211234,445214,1447409,1424663,2872072
BALLINA,1985,11,0,0,0,0,0,0,0,0,0
BRISBANE,1985,11,118299,115681,233980,19550,19013,38563,137849,134694,272543
CAIRNS,1985,11,20196,20825,41021,3230,2229,5459,23426,23054,46480
CANBERRA,1985,11,45677,45907,91584,0,0,0,45677,45907,91584
DARWIN,1985,11,12314,12983,25297,1418,1679,3097,13732,14662,28394
GOLD COAST,1985,11,27995,30604,58599,0,0,0,27995,30604,58599
HAMILTON ISLAND,1985,11,2364,2476,4840,0,0,0,2364,2476,4840
HOBART,1985,11,19822,18914,38736,472,610,1082,20294,19524,39818
KARRATHA,1985,11,8952,9304,18256,0,0,0,8952,9304,18256
LAUNCESTON,1985,11,23660,22905,46565,0,0,0,23660,22905,46565
MACKAY,1985,11,8568,8799,17367,0,0,0,8568,8799,17367
MELBOURNE,1985,11,226237,227000,453237,52209,42466,94675,278446,269466,547912
PERTH,1985,11,59586,57470,117056,23092,19499,42591,82678,76969,159647
ROCKHAMPTON,1985,11,17190,17477,34667,0,0,0,17190,17477,34667
SUNSHINE COAST,1985,11,3384,3454,6838,0,0,0,3384,3454,6838
SYDNEY,1985,11,283000,277449,560449,127508,119780,247288,410508,397229,807737
TOWNSVILLE,1985,11,40173,40860,81033,712,930,1642,40885,41790,82675
NEWCASTLE,1985,11,5815,5817,11632,0,0,0,5815,5817,11632
ADELAIDE,1985,12,78000,79883,157883,5027,5377,10404,83027,85260,168287
ALICE SPRINGS,1985,12,20944,21666,42610,0,0,0,20944,21666,42610
All Australian Airports,1985,12,1221294,1221294,2442588,243329,273435,516764,1464623,1494729,2959352
BALLINA,1985,12,0,0,0,0,0,0,0,0,0
BRISBANE,1985,12,126004,121589,247593,25054,26399,51453,151058,147988,299046
CAIRNS,1985,12,20963,20486,41449,2195,1845,4040,23158,22331,45489
CANBERRA,1985,12,37152,38867,76019,0,0,0,37152,38867,76019
DARWIN,1985,12,13764,18331,32095,1735,2935,4670,15499,21266,36765
GOLD COAST,1985,12,35914,30160,66074,0,0,0,35914,30160,66074
HAMILTON ISLAND,1985,12,2368,1740,4108,0,0,0,2368,1740,4108
HOBART,1985,12,25607,20533,46140,770,1048,1818,26377,21581,47958
KARRATHA,1985,12,8693,10703,19396,0,0,0,8693,10703,19396
LAUNCESTON,1985,12,29782,24993,54775,0,0,0,29782,24993,54775
MACKAY,1985,12,8567,8548,17115,0,0,0,8567,8548,17115
MELBOURNE,1985,12,209291,226957,436248,52122,61521,113643,261413,288478,549891
PERTH,1985,12,74240,63658,137898,24710,26475,51185,98950,90133,189083
ROCKHAMPTON,1985,12,17096,17456,34552,0,0,0,17096,17456,34552
SUNSHINE COAST,1985,12,4477,3575,8052,0,0,0,4477,3575,8052
SYDNEY,1985,12,269631,275378,545009,129870,145423,275293,399501,420801,820302
TOWNSVILLE,1985,12,39808,41305,81113,874,1461,2335,40682,42766,83448
NEWCASTLE,1985,12,6299,6324,12623,0,0,0,6299,6324,12623
ADELAIDE,1986,1,83677,83327,167004,6341,5521,11862,90018,88848,178866
ALICE SPRINGS,1986,1,23522,22710,46232,0,0,0,23522,22710,46232
All Australian Airports,1986,1,1274458,1274458,2548916,292576,237224,529800,1567034,1511682,3078716
BALLINA,1986,1,0,0,0,0,0,0,0,0,0
BRISBANE,1986,1,127544,127290,254834,29020,22622,51642,156564,149912,306476
CAIRNS,1986,1,21522,22376,43898,2725,2392,5117,24247,24768,49015
CANBERRA,1986,1,34837,31877,66714,0,0,0,34837,31877,66714
DARWIN,1986,1,18003,14746,32749,3082,1905,4987,21085,16651,37736
GOLD COAST,1986,1,38902,48323,87225,0,0,0,38902,48323,87225
HAMILTON ISLAND,1986,1,2541,3274,5815,0,0,0,2541,3274,5815
HOBART,1986,1,24666,31070,55736,734,601,1335,25400,31671,57071
KARRATHA,1986,1,9631,8833,18464,0,0,0,9631,8833,18464
LAUNCESTON,1986,1,30215,34865,65080,0,0,0,30215,34865,65080
MACKAY,1986,1,8456,8700,17156,0,0,0,8456,8700,17156
MELBOURNE,1986,1,234422,217107,451529,65598,51261,116859,300020,268368,568388
PERTH,1986,1,69281,76877,146158,28384,24512,52896,97665,101389,199054
ROCKHAMPTON,1986,1,17321,17325,34646,0,0,0,17321,17325,34646
SUNSHINE COAST,1986,1,4563,5165,9728,0,0,0,4563,5165,9728
SYDNEY,1986,1,282619,273340,555959,154218,126337,280555,436837,399677,836514
TOWNSVILLE,1986,1,42868,41945,84813,1613,1015,2628,44481,42960,87441
NEWCASTLE,1986,1,6387,6361,12748,0,0,0,6387,6361,12748
ADELAIDE,1986,2,76173,71699,147872,5204,3761,8965,81377,75460,156837
ALICE SPRINGS,1986,2,18822,18412,37234,0,0,0,18822,18412,37234
All Australian Airports,1986,2,1085561,1085561,2171122,223688,188004,411692,1309249,1273565,2582814
BALLINA,1986,2,0,0,0,0,0,0,0,0,0
BRISBANE,1986,2,100702,100509,201211,18519,17159,35678,119221,117668,236889
CAIRNS,1986,2,15868,15667,31535,1657,1605,3262,17525,17272,34797
CANBERRA,1986,2,39808,39836,79644,0,0,0,39808,39836,79644
DARWIN,1986,2,10136,10347,20483,1593,1194,2787,11729,11541,23270
GOLD COAST,1986,2,24507,30899,55406,0,0,0,24507,30899,55406
HAMILTON ISLAND,1986,2,1680,1665,3345,0,0,0,1680,1665,3345
HOBART,1986,2,20471,20796,41267,902,669,1571,21373,21465,42838
KARRATHA,1986,2,7376,7643,15019,0,0,0,7376,7643,15019
LAUNCESTON,1986,2,25293,24002,49295,0,0,0,25293,24002,49295
MACKAY,1986,2,7534,7672,15206,0,0,0,7534,7672,15206
MELBOURNE,1986,2,208981,205823,414804,51836,39152,90988,260817,244975,505792
PERTH,1986,2,55041,53598,108639,22103,18410,40513,77144,72008,149152
ROCKHAMPTON,1986,2,14570,14581,29151,0,0,0,14570,14581,29151
SUNSHINE COAST,1986,2,2598,2734,5332,0,0,0,2598,2734,5332
SYDNEY,1986,2,252839,255922,508761,120361,104724,225085,373200,360646,733846
TOWNSVILLE,1986,2,30630,30780,61410,735,707,1442,31365,31487,62852
NEWCASTLE,1986,2,5351,5324,10675,0,0,0,5351,5324,10675
ADELAIDE,1986,3,87624,88288,175912,5466,5979,11445,93090,94267,187357
ALICE SPRINGS,1986,3,25573,24760,50333,0,0,0,25573,24760,50333
All Australian Airports,1986,3,1232739,1232739,2465478,225416,241557,466973,1458155,1474296,2932451
BALLINA,1986,3,0,0,0,0,0,0,0,0,0
BRISBANE,1986,3,118788,117880,236668,21789,21054,42843,140577,138934,279511
CAIRNS,1986,3,21727,20466,42193,2105,2088,4193,23832,22554,46386
CANBERRA,1986,3,44111,44365,88476,0,0,0,44111,44365,88476
DARWIN,1986,3,12190,12573,24763,1374,1605,2979,13564,14178,27742
GOLD COAST,1986,3,31725,32350,64075,0,0,0,31725,32350,64075
HAMILTON ISLAND,1986,3,2536,2300,4836,0,0,0,2536,2300,4836
HOBART,1986,3,22195,23075,45270,811,652,1463,23006,23727,46733
KARRATHA,1986,3,7954,8064,16018,0,0,0,7954,8064,16018
LAUNCESTON,1986,3,27532,27659,55191,0,0,0,27532,27659,55191
MACKAY,1986,3,8958,8594,17552,0,0,0,8958,8594,17552
MELBOURNE,1986,3,224458,228375,452833,43523,48894,92417,267981,277269,545250
PERTH,1986,3,57686,58448,116134,21815,22514,44329,79501,80962,160463
ROCKHAMPTON,1986,3,17660,17756,35416,0,0,0,17660,17756,35416
SUNSHINE COAST,1986,3,3588,3422,7010,0,0,0,3588,3422,7010
SYDNEY,1986,3,284469,283431,567900,126596,137002,263598,411065,420433,831498
TOWNSVILLE,1986,3,38188,38193,76381,931,759,1690,39119,38952,78071
NEWCASTLE,1986,3,6130,6151,12281,0,0,0,6130,6151,12281
ADELAIDE,1986,4,80118,82628,162746,3791,6316,10107,83909,88944,172853
ALICE SPRINGS,1986,4,26300,26671,52971,0,0,0,26300,26671,52971
All Australian Airports,1986,4,1210883,1210883,2421766,208330,243972,452302,1419213,1454855,2874068
BALLINA,1986,4,0,0,0,0,0,0,0,0,0
BRISBANE,1986,4,118321,116765,235086,21269,21090,42359,139590,137855,277445
CAIRNS,1986,4,22648,22332,44980,2876,2365,5241,25524,24697,50221
CANBERRA,1986,4,45363,46197,91560,0,0,0,45363,46197,91560
DARWIN,1986,4,13624,13454,27078,2195,1980,4175,15819,15434,31253
GOLD COAST,1986,4,27208,31740,58948,0,0,0,27208,31740,58948
HAMILTON ISLAND,1986,4,2169,2549,4718,0,0,0,2169,2549,4718
HOBART,1986,4,18648,21249,39897,617,410,1027,19265,21659,40924
KARRATHA,1986,4,8362,8197,16559,0,0,0,8362,8197,16559
LAUNCESTON,1986,4,22932,24239,47171,0,0,0,22932,24239,47171
MACKAY,1986,4,8615,8933,17548,0,0,0,8615,8933,17548
MELBOURNE,1986,4,226600,218149,444749,43239,51176,94415,269839,269325,539164
PERTH,1986,4,58727,58277,117004,18767,22238,41005,77494,80515,158009
ROCKHAMPTON,1986,4,17458,17474,34932,0,0,0,17458,17474,34932
SUNSHINE COAST,1986,4,2900,3083,5983,0,0,0,2900,3083,5983
SYDNEY,1986,4,280607,276764,557371,113767,136596,250363,394374,413360,807734
TOWNSVILLE,1986,4,40102,38860,78962,855,921,1776,40957,39781,80738
NEWCASTLE,1986,4,3233,3242,6475,0,0,0,3233,3242,6475
ADELAIDE,1986,5,85314,88981,174295,5231,7070,12301,90545,96051,186596
ALICE SPRINGS,1986,5,24921,24798,49719,0,0,0,24921,24798,49719
All Australian Airports,1986,5,1273662,1273662,2547324,214800,239637,454437,1488462,1513299,3001761
BALLINA,1986,5,0,0,0,0,0,0,0,0,0
BRISBANE,1986,5,127838,126110,253948,21586,22144,43730,149424,148254,297678
CAIRNS,1986,5,22846,22503,45349,1882,2266,4148,24728,24769,49497
CANBERRA,1986,5,47514,48319,95833,0,0,0,47514,48319,95833
DARWIN,1986,5,16184,15479,31663,1566,1474,3040,17750,16953,34703
GOLD COAST,1986,5,35061,36740,71801,0,0,0,35061,36740,71801
HAMILTON ISLAND,1986,5,2627,2639,5266,0,0,0,2627,2639,5266
HOBART,1986,5,17425,20807,38232,497,412,909,17922,21219,39141
KARRATHA,1986,5,8285,8487,16772,0,0,0,8285,8487,16772
LAUNCESTON,1986,5,22059,24268,46327,0,0,0,22059,24268,46327
MACKAY,1986,5,9905,9811,19716,0,0,0,9905,9811,19716
MELBOURNE,1986,5,235318,231873,467191,47958,56902,104860,283276,288775,572051
PERTH,1986,5,55361,55216,110577,16965,20301,37266,72326,75517,147843
ROCKHAMPTON,1986,5,18757,18642,37399,0,0,0,18757,18642,37399
SUNSHINE COAST,1986,5,3980,3907,7887,0,0,0,3980,3907,7887
SYDNEY,1986,5,303071,296044,599115,117047,127045,244092,420118,423089,843207
TOWNSVILLE,1986,5,43146,42692,85838,1060,1053,2113,44206,43745,87951
NEWCASTLE,1986,5,4777,4766,9543,0,0,0,4777,4766,9543
ADELAIDE,1986,6,75394,74831,150225,5394,5506,10900,80788,80337,161125
ALICE SPRINGS,1986,6,23238,23464,46702,0,0,0,23238,23464,46702
All Australian Airports,1986,6,1143147,1143147,2286294,209651,220335,429986,1352798,1363482,2716280
BALLINA,1986,6,0,0,0,0,0,0,0,0,0
BRISBANE,1986,6,119830,120612,240442,25989,25327,51316,145819,145939,291758
CAIRNS,1986,6,25229,23192,48421,2782,2115,4897,28011,25307,53318
CANBERRA,1986,6,39445,39870,79315,0,0,0,39445,39870,79315
DARWIN,1986,6,16860,15978,32838,1699,1951,3650,18559,17929,36488
GOLD COAST,1986,6,26179,28299,54478,0,0,0,26179,28299,54478
HAMILTON ISLAND,1986,6,1906,1939,3845,0,0,0,1906,1939,3845
HOBART,1986,6,17866,16406,34272,678,477,1155,18544,16883,35427
KARRATHA,1986,6,9204,8985,18189,0,0,0,9204,8985,18189
LAUNCESTON,1986,6,20743,20323,41066,0,0,0,20743,20323,41066
MACKAY,1986,6,10079,9604,19683,0,0,0,10079,9604,19683
MELBOURNE,1986,6,198483,201689,400172,44415,48510,92925,242898,250199,493097
PERTH,1986,6,50590,54295,104885,20645,25231,45876,71235,79526,150761
ROCKHAMPTON,1986,6,19860,19696,39556,0,0,0,19860,19696,39556
SUNSHINE COAST,1986,6,3049,3065,6114,0,0,0,3049,3065,6114
SYDNEY,1986,6,261853,260094,521947,105416,108905,214321,367269,368999,736268
TOWNSVILLE,1986,6,41880,42013,83893,1677,1241,2918,43557,43254,86811
NEWCASTLE,1986,6,2967,2929,5896,0,0,0,2967,2929,5896
ADELAIDE,1986,7,75629,75906,151535,5279,5665,10944,80908,81571,162479
ALICE SPRINGS,1986,7,27238,27558,54796,0,0,0,27238,27558,54796
All Australian Airports,1986,7,1184132,1184132,2368264,239617,228905,468522,1423749,1413037,2836786
BALLINA,1986,7,0,0,0,0,0,0,0,0,0
BRISBANE,1986,7,127066,122112,249178,28505,24481,52986,155571,146593,302164
CAIRNS,1986,7,27911,26182,54093,3583,3073,6656,31494,29255,60749
CANBERRA,1986,7,39731,39390,79121,0,0,0,39731,39390,79121
DARWIN,1986,7,19271,20268,39539,2827,3143,5970,22098,23411,45509
GOLD COAST,1986,7,29810,27743,57553,0,0,0,29810,27743,57553
HAMILTON ISLAND,1986,7,2987,2828,5815,0,0,0,2987,2828,5815
HOBART,1986,7,14527,15412,29939,478,392,870,15005,15804,30809
KARRATHA,1986,7,9696,9834,19530,0,0,0,9696,9834,19530
LAUNCESTON,1986,7,18185,18573,36758,0,0,0,18185,18573,36758
MACKAY,1986,7,9363,9751,19114,0,0,0,9363,9751,19114
MELBOURNE,1986,7,200982,206457,407439,49505,52158,101663,250487,258615,509102
PERTH,1986,7,57790,53761,111551,25304,21016,46320,83094,74777,157871
ROCKHAMPTON,1986,7,17900,17902,35802,0,0,0,17900,17902,35802
SUNSHINE COAST,1986,7,3141,2817,5958,0,0,0,3141,2817,5958
SYDNEY,1986,7,271829,275962,547791,121470,116714,238184,393299,392676,785975
TOWNSVILLE,1986,7,46926,46532,93458,1683,1321,3004,48609,47853,96462
NEWCASTLE,1986,7,2775,2826,5601,0,0,0,2775,2826,5601
ADELAIDE,1986,8,86256,86477,172733,6065,5195,11260,92321,91672,183993
ALICE SPRINGS,1986,8,30468,29512,59980,0,0,0,30468,29512,59980
All Australian Airports,1986,8,1338199,1338199,2676398,255503,261532,517035,1593702,1599731,3193433
BALLINA,1986,8,0,0,0,0,0,0,0,0,0
BRISBANE,1986,8,148676,140853,289529,25147,25817,50964,173823,166670,340493
CAIRNS,1986,8,33350,30767,64117,3095,2895,5990,36445,33662,70107
CANBERRA,1986,8,43625,45625,89250,0,0,0,43625,45625,89250
DARWIN,1986,8,18900,19132,38032,2564,2177,4741,21464,21309,42773
GOLD COAST,1986,8,47005,40696,87701,0,0,0,47005,40696,87701
HAMILTON ISLAND,1986,8,5172,4658,9830,0,0,0,5172,4658,9830
HOBART,1986,8,18095,18629,36724,257,320,577,18352,18949,37301
KARRATHA,1986,8,8313,8552,16865,0,0,0,8313,8552,16865
LAUNCESTON,1986,8,24408,23231,47639,0,0,0,24408,23231,47639
MACKAY,1986,8,10585,10208,20793,0,0,0,10585,10208,20793
MELBOURNE,1986,8,230516,245989,476505,60089,62471,122560,290605,308460,599065
PERTH,1986,8,57925,54067,111992,24098,21551,45649,82023,75618,157641
ROCKHAMPTON,1986,8,20326,20295,40621,0,0,0,20326,20295,40621
SUNSHINE COAST,1986,8,5097,4252,9349,0,0,0,5097,4252,9349
SYDNEY,1986,8,301466,310945,612411,131658,138438,270096,433124,449383,882507
TOWNSVILLE,1986,8,49942,49533,99475,1461,1683,3144,51403,51216,102619
NEWCASTLE,1986,8,3248,3429,6677,0,0,0,3248,3429,6677
ADELAIDE,1986,9,85678,82096,167774,7182,5557,12739,92860,87653,180513
ALICE SPRINGS,1986,9,24455,25216,49671,0,0,0,24455,25216,49671
All Australian Airports,1986,9,1293720,1293720,2587440,266920,221479,488399,1560640,1515199,3075839
BALLINA,1986,9,0,0,0,0,0,0,0,0,0
BRISBANE,1986,9,132457,141321,273778,24248,26517,50765,156705,167838,324543
CAIRNS,1986,9,26942,31597,58539,3157,2093,5250,30099,33690,63789
CANBERRA,1986,9,45032,42508,87540,0,0,0,45032,42508,87540
DARWIN,1986,9,14618,17321,31939,1928,1718,3646,16546,19039,35585
GOLD COAST,1986,9,35552,51058,86610,0,0,0,35552,51058,86610
HAMILTON ISLAND,1986,9,3826,4424,8250,0,0,0,3826,4424,8250
HOBART,1986,9,21620,20357,41977,967,813,1780,22587,21170,43757
KARRATHA,1986,9,8554,8443,16997,0,0,0,8554,8443,16997
LAUNCESTON,1986,9,25430,25005,50435,0,0,0,25430,25005,50435
MACKAY,1986,9,10148,10509,20657,0,0,0,10148,10509,20657
MELBOURNE,1986,9,246380,221897,468277,66987,46325,113312,313367,268222,581589
PERTH,1986,9,59418,63512,122930,26677,24114,50791,86095,87626,173721
ROCKHAMPTON,1986,9,19693,20296,39989,0,0,0,19693,20296,39989
SUNSHINE COAST,1986,9,3584,4834,8418,0,0,0,3584,4834,8418
SYDNEY,1986,9,298289,286595,584884,133514,111710,245224,431803,398305,830108
TOWNSVILLE,1986,9,41574,43988,85562,1254,1539,2793,42828,45527,88355
NEWCASTLE,1986,9,3454,3225,6679,0,0,0,3454,3225,6679
ADELAIDE,1986,10,95673,93432,189105,7598,4383,11981,103271,97815,201086
ALICE SPRINGS,1986,10,26441,26021,52462,0,0,0,26441,26021,52462
All Australian Airports,1986,10,1326396,1326396,2652792,282320,213632,495952,1608716,1540028,3148744
BALLINA,1986,10,0,0,0,0,0,0,0,0,0
BRISBANE,1986,10,139065,131739,270804,26929,22475,49404,165994,154214,320208
CAIRNS,1986,10,30330,31157,61487,3935,2598,6533,34265,33755,68020
CANBERRA,1986,10,48170,48275,96445,0,0,0,48170,48275,96445
DARWIN,1986,10,13984,15749,29733,2288,2115,4403,16272,17864,34136
GOLD COAST,1986,10,38731,41028,79759,0,0,0,38731,41028,79759
HAMILTON ISLAND,1986,10,4393,4686,9079,0,0,0,4393,4686,9079
HOBART,1986,10,20035,19133,39168,504,412,916,20539,19545,40084
KARRATHA,1986,10,8918,9214,18132,0,0,0,8918,9214,18132
LAUNCESTON,1986,10,22602,22568,45170,0,0,0,22602,22568,45170
MACKAY,1986,10,9536,9824,19360,0,0,0,9536,9824,19360
MELBOURNE,1986,10,235580,237383,472963,64352,43722,108074,299932,281105,581037
PERTH,1986,10,67543,64755,132298,29826,20966,50792,97369,85721,183090
ROCKHAMPTON,1986,10,19297,19158,38455,0,0,0,19297,19158,38455
SUNSHINE COAST,1986,10,3972,3926,7898,0,0,0,3972,3926,7898
SYDNEY,1986,10,306851,311473,618324,144443,114690,259133,451294,426163,877457
TOWNSVILLE,1986,10,43626,43397,87023,1344,1273,2617,44970,44670,89640
NEWCASTLE,1986,10,3600,3626,7226,0,0,0,3600,3626,7226
ADELAIDE,1986,11,78346,78852,157198,6006,5070,11076,84352,83922,168274
ALICE SPRINGS,1986,11,25274,25101,50375,0,0,0,25274,25101,50375
All Australian Airports,1986,11,1214455,1214455,2428910,274844,250773,525617,1489299,1465228,2954527
BALLINA,1986,11,0,0,0,0,0,0,0,0,0
BRISBANE,1986,11,127808,126278,254086,24793,24559,49352,152601,150837,303438
CAIRNS,1986,11,25577,25961,51538,3415,2756,6171,28992,28717,57709
CANBERRA,1986,11,46997,46705,93702,0,0,0,46997,46705,93702
DARWIN,1986,11,11632,12094,23726,1748,1994,3742,13380,14088,27468
GOLD COAST,1986,11,33912,39741,73653,0,0,0,33912,39741,73653
HAMILTON ISLAND,1986,11,4505,4569,9074,0,0,0,4505,4569,9074
HOBART,1986,11,17495,17419,34914,622,611,1233,18117,18030,36147
KARRATHA,1986,11,7827,8011,15838,0,0,0,7827,8011,15838
LAUNCESTON,1986,11,22530,22107,44637,0,0,0,22530,22107,44637
MACKAY,1986,11,8613,8643,17256,0,0,0,8613,8643,17256
MELBOURNE,1986,11,224157,223211,447368,58774,51074,109848,282931,274285,557216
PERTH,1986,11,58613,57762,116375,27844,22763,50607,86457,80525,166982
ROCKHAMPTON,1986,11,17638,17774,35412,0,0,0,17638,17774,35412
SUNSHINE COAST,1986,11,3248,3366,6614,0,0,0,3248,3366,6614
SYDNEY,1986,11,287597,283001,570598,149128,139447,288575,436725,422448,859173
TOWNSVILLE,1986,11,39255,39825,79080,1366,1431,2797,40621,41256,81877
NEWCASTLE,1986,11,3254,3336,6590,0,0,0,3254,3336,6590
ADELAIDE,1986,12,81129,80905,162034,6716,6275,12991,87845,87180,175025
ALICE SPRINGS,1986,12,23802,24611,48413,0,0,0,23802,24611,48413
All Australian Airports,1986,12,1253728,1253728,2507456,280169,297553,577722,1533897,1551281,3085178
BALLINA,1986,12,521,404,925,0,0,0,521,404,925
BRISBANE,1986,12,133164,126223,259387,27937,27687,55624,161101,153910,315011
CAIRNS,1986,12,26929,26074,53003,3316,2639,5955,30245,28713,58958
CANBERRA,1986,12,39170,41184,80354,0,0,0,39170,41184,80354
DARWIN,1986,12,13736,17552,31288,1822,2769,4591,15558,20321,35879
GOLD COAST,1986,12,42453,36276,78729,0,0,0,42453,36276,78729
HAMILTON ISLAND,1986,12,5129,4094,9223,0,0,0,5129,4094,9223
HOBART,1986,12,24051,19834,43885,697,611,1308,24748,20445,45193
KARRATHA,1986,12,8863,10371,19234,0,0,0,8863,10371,19234
LAUNCESTON,1986,12,29280,24521,53801,0,0,0,29280,24521,53801
MACKAY,1986,12,8432,8563,16995,0,0,0,8432,8563,16995
MELBOURNE,1986,12,214621,235198,449819,59367,65791,125158,273988,300989,574977
PERTH,1986,12,76016,63953,139969,30322,30000,60322,106338,93953,200291
ROCKHAMPTON,1986,12,18168,17915,36083,0,0,0,18168,17915,36083
SUNSHINE COAST,1986,12,4463,3497,7960,0,0,0,4463,3497,7960
SYDNEY,1986,12,278613,289540,568153,147786,159325,307111,426399,448865,875264
TOWNSVILLE,1986,12,36608,38421,75029,1192,1531,2723,37800,39952,77752
NEWCASTLE,1986,12,3534,3441,6975,0,0,0,3534,3441,6975
ADELAIDE,1987,1,81827,82203,164030,7394,6411,13805,89221,88614,177835
ALICE SPRINGS,1987,1,29116,28706,57822,0,0,0,29116,28706,57822
All Australian Airports,1987,1,1306407,1306407,2612814,336241,278842,615083,1642648,1585249,3227897
BALLINA,1987,1,1122,1026,2148,0,0,0,1122,1026,2148
BRISBANE,1987,1,131936,131116,263052,32051,28602,60653,163987,159718,323705
CAIRNS,1987,1,27097,29494,56591,4302,3241,7543,31399,32735,64134
CANBERRA,1987,1,35575,32855,68430,0,0,0,35575,32855,68430
DARWIN,1987,1,17625,15467,33092,3346,2077,5423,20971,17544,38515
GOLD COAST,1987,1,46973,60448,107421,0,0,0,46973,60448,107421
HAMILTON ISLAND,1987,1,5473,6542,12015,0,0,0,5473,6542,12015
HOBART,1987,1,25051,31081,56132,1027,1136,2163,26078,32217,58295
KARRATHA,1987,1,9586,8341,17927,0,0,0,9586,8341,17927
LAUNCESTON,1987,1,31230,36027,67257,0,0,0,31230,36027,67257
MACKAY,1987,1,8254,8230,16484,0,0,0,8254,8230,16484
MELBOURNE,1987,1,244108,226315,470423,75017,55952,130969,319125,282267,601392
PERTH,1987,1,77217,76315,153532,35226,29316,64542,112443,105631,218074
ROCKHAMPTON,1987,1,17615,17796,35411,0,0,0,17615,17796,35411
SUNSHINE COAST,1987,1,4417,5390,9807,0,0,0,4417,5390,9807
SYDNEY,1987,1,291577,283686,575263,175469,149846,325315,467046,433532,900578
TOWNSVILLE,1987,1,39181,38335,77516,1476,1326,2802,40657,39661,80318
NEWCASTLE,1987,1,3252,3318,6570,0,0,0,3252,3318,6570
ADELAIDE,1987,2,72995,71189,144184,5470,4329,9799,78465,75518,153983
ALICE SPRINGS,1987,2,22669,22801,45470,0,0,0,22669,22801,45470
All Australian Airports,1987,2,1135705,1135705,2271410,263562,233605,497167,1399267,1369310,2768577
BALLINA,1987,2,825,596,1421,0,0,0,825,596,1421
BRISBANE,1987,2,111270,108201,219471,22389,21595,43984,133659,129796,263455
CAIRNS,1987,2,22217,21307,43524,2812,2928,5740,25029,24235,49264
CANBERRA,1987,2,43519,43197,86716,0,0,0,43519,43197,86716
DARWIN,1987,2,10645,10556,21201,1784,1409,3193,12429,11965,24394
GOLD COAST,1987,2,30094,36430,66524,0,0,0,30094,36430,66524
HAMILTON ISLAND,1987,2,3921,4117,8038,0,0,0,3921,4117,8038
HOBART,1987,2,20130,18709,38839,937,732,1669,21067,19441,40508
KARRATHA,1987,2,7458,7370,14828,0,0,0,7458,7370,14828
LAUNCESTON,1987,2,24796,23361,48157,0,0,0,24796,23361,48157
MACKAY,1987,2,6796,7185,13981,0,0,0,6796,7185,13981
MELBOURNE,1987,2,214705,208901,423606,60597,46479,107076,275302,255380,530682
PERTH,1987,2,56900,70478,127378,25925,25080,51005,82825,95558,178383
ROCKHAMPTON,1987,2,15476,15368,30844,0,0,0,15476,15368,30844
SUNSHINE COAST,1987,2,2511,2771,5282,0,0,0,2511,2771,5282
SYDNEY,1987,2,270645,265594,536239,141879,129287,271166,412524,394881,807405
TOWNSVILLE,1987,2,32502,32708,65210,823,838,1661,33325,33546,66871
NEWCASTLE,1987,2,2600,2568,5168,0,0,0,2600,2568,5168
ADELAIDE,1987,3,82496,83480,165976,5750,7052,12802,88246,90532,178778
ALICE SPRINGS,1987,3,24588,24783,49371,0,0,0,24588,24783,49371
All Australian Airports,1987,3,1241299,1241299,2482598,246336,274131,520467,1487635,1515430,3003065
BALLINA,1987,3,934,770,1704,0,0,0,934,770,1704
BRISBANE,1987,3,122545,121941,244486,23636,24857,48493,146181,146798,292979
CAIRNS,1987,3,24993,24109,49102,2525,2427,4952,27518,26536,54054
CANBERRA,1987,3,47247,46968,94215,0,0,0,47247,46968,94215
DARWIN,1987,3,12085,11659,23744,1744,1810,3554,13829,13469,27298
GOLD COAST,1987,3,32656,37519,70175,0,0,0,32656,37519,70175
HAMILTON ISLAND,1987,3,4215,4065,8280,0,0,0,4215,4065,8280
HOBART,1987,3,19237,20474,39711,994,717,1711,20231,21191,41422
KARRATHA,1987,3,8346,8049,16395,0,0,0,8346,8049,16395
LAUNCESTON,1987,3,25146,26028,51174,0,0,0,25146,26028,51174
MACKAY,1987,3,8352,8245,16597,0,0,0,8352,8245,16597
MELBOURNE,1987,3,232618,233355,465973,54002,60158,114160,286620,293513,580133
PERTH,1987,3,57679,58808,116487,25261,27855,53116,82940,86663,169603
ROCKHAMPTON,1987,3,18007,18094,36101,0,0,0,18007,18094,36101
SUNSHINE COAST,1987,3,3036,3076,6112,0,0,0,3036,3076,6112
SYDNEY,1987,3,296419,290132,586551,130483,147256,277739,426902,437388,864290
TOWNSVILLE,1987,3,37211,37068,74279,926,970,1896,38137,38038,76175
NEWCASTLE,1987,3,2835,2891,5726,0,0,0,2835,2891,5726
ADELAIDE,1987,4,82857,83876,166733,4916,6156,11072,87773,90032,177805
ALICE SPRINGS,1987,4,26325,26172,52497,0,0,0,26325,26172,52497
All Australian Airports,1987,4,1321084,1321084,2642168,245843,258248,504091,1566927,1579332,3146259
BALLINA,1987,4,1279,991,2270,0,0,0,1279,991,2270
BRISBANE,1987,4,136622,134641,271263,26120,25134,51254,162742,159775,322517
CAIRNS,1987,4,29291,29109,58400,5406,4517,9923,34697,33626,68323
CANBERRA,1987,4,44028,45530,89558,0,0,0,44028,45530,89558
DARWIN,1987,4,14257,14096,28353,2284,2467,4751,16541,16563,33104
GOLD COAST,1987,4,41043,44221,85264,0,0,0,41043,44221,85264
HAMILTON ISLAND,1987,4,5804,5671,11475,0,0,0,5804,5671,11475
HOBART,1987,4,21019,21962,42981,714,629,1343,21733,22591,44324
KARRATHA,1987,4,8817,8756,17573,0,0,0,8817,8756,17573
LAUNCESTON,1987,4,26112,28143,54255,0,0,0,26112,28143,54255
MACKAY,1987,4,8757,8665,17422,0,0,0,8757,8665,17422
MELBOURNE,1987,4,241721,240627,482348,50932,52682,103614,292653,293309,585962
PERTH,1987,4,62801,64438,127239,24749,27062,51811,87550,91500,179050
ROCKHAMPTON,1987,4,20113,19968,40081,0,0,0,20113,19968,40081
SUNSHINE COAST,1987,4,3422,3452,6874,0,0,0,3422,3452,6874
SYDNEY,1987,4,310202,301845,612047,128578,137756,266334,438780,439601,878381
TOWNSVILLE,1987,4,40508,40282,80790,942,744,1686,41450,41026,82476
NEWCASTLE,1987,4,2947,3039,5986,0,0,0,2947,3039,5986
ADELAIDE,1987,5,77770,79459,157229,4564,6034,10598,82334,85493,167827
ALICE SPRINGS,1987,5,24884,25363,50247,0,0,0,24884,25363,50247
All Australian Airports,1987,5,1208563,1208563,2417126,234032,269714,503746,1442595,1478277,2920872
BALLINA,1987,5,798,693,1491,0,0,0,798,693,1491
BRISBANE,1987,5,125261,122797,248058,26851,27973,54824,152112,150770,302882
CAIRNS,1987,5,26290,25562,51852,4251,4090,8341,30541,29652,60193
CANBERRA,1987,5,48051,48092,96143,0,0,0,48051,48092,96143
DARWIN,1987,5,15457,14554,30011,2229,2306,4535,17686,16860,34546
GOLD COAST,1987,5,31914,34347,66261,0,0,0,31914,34347,66261
HAMILTON ISLAND,1987,5,4690,4908,9598,0,0,0,4690,4908,9598
HOBART,1987,5,17788,20666,38454,728,707,1435,18516,21373,39889
KARRATHA,1987,5,8245,8443,16688,0,0,0,8245,8443,16688
LAUNCESTON,1987,5,23356,25815,49171,0,0,0,23356,25815,49171
MACKAY,1987,5,8338,8482,16820,0,0,0,8338,8482,16820
MELBOURNE,1987,5,221898,220297,442195,47989,57865,105854,269887,278162,548049
PERTH,1987,5,57349,57937,115286,20390,25210,45600,77739,83147,160886
ROCKHAMPTON,1987,5,17587,17663,35250,0,0,0,17587,17663,35250
SUNSHINE COAST,1987,5,2747,2691,5438,0,0,0,2747,2691,5438
SYDNEY,1987,5,285412,279160,564572,124873,143228,268101,410285,422388,832673
TOWNSVILLE,1987,5,41483,41249,82732,1066,1160,2226,42549,42409,84958
NEWCASTLE,1987,5,2540,2520,5060,0,0,0,2540,2520,5060
ADELAIDE,1987,6,72632,72966,145598,4655,5161,9816,77287,78127,155414
ALICE SPRINGS,1987,6,25014,24886,49900,0,0,0,25014,24886,49900
All Australian Airports,1987,6,1178189,1178189,2356378,229533,251647,481180,1407722,1429836,2837558
BALLINA,1987,6,976,799,1775,0,0,0,976,799,1775
BRISBANE,1987,6,129935,130005,259940,28685,28309,56994,158620,158314,316934
CAIRNS,1987,6,30811,27010,57821,5347,3979,9326,36158,30989,67147
CANBERRA,1987,6,40527,40837,81364,0,0,0,40527,40837,81364
DARWIN,1987,6,17843,17147,34990,2216,3120,5336,20059,20267,40326
GOLD COAST,1987,6,35104,35373,70477,0,0,0,35104,35373,70477
HAMILTON ISLAND,1987,6,5692,4988,10680,0,0,0,5692,4988,10680
HOBART,1987,6,19236,16579,35815,559,380,939,19795,16959,36754
KARRATHA,1987,6,8333,8014,16347,0,0,0,8333,8014,16347
LAUNCESTON,1987,6,22339,21118,43457,0,0,0,22339,21118,43457
MACKAY,1987,6,8686,8390,17076,0,0,0,8686,8390,17076
MELBOURNE,1987,6,202899,221203,424102,45982,57200,103182,248881,278403,527284
PERTH,1987,6,52567,51635,104202,22793,25479,48272,75360,77114,152474
ROCKHAMPTON,1987,6,17949,18171,36120,0,0,0,17949,18171,36120
SUNSHINE COAST,1987,6,3461,3230,6691,0,0,0,3461,3230,6691
SYDNEY,1987,6,276208,273222,549430,117317,126248,243565,393525,399470,792995
TOWNSVILLE,1987,6,40886,40144,81030,982,768,1750,41868,40912,82780
NEWCASTLE,1987,6,2824,2847,5671,0,0,0,2824,2847,5671
ADELAIDE,1987,7,87245,88910,176155,6530,5611,12141,93775,94521,188296
ALICE SPRINGS,1987,7,36477,37990,74467,0,0,0,36477,37990,74467
All Australian Airports,1987,7,1386508,1386508,2773016,304662,273355,578017,1691170,1659863,3351033
BALLINA,1987,7,1310,1124,2434,0,0,0,1310,1124,2434
BRISBANE,1987,7,160319,154312,314631,36933,30360,67293,197252,184672,381924
CAIRNS,1987,7,38496,39443,77939,5957,5187,11144,44453,44630,89083
CANBERRA,1987,7,44241,45470,89711,0,0,0,44241,45470,89711
DARWIN,1987,7,23101,23523,46624,4117,3419,7536,27218,26942,54160
GOLD COAST,1987,7,41941,44254,86195,0,0,0,41941,44254,86195
HAMILTON ISLAND,1987,7,6634,7209,13843,0,0,0,6634,7209,13843
HOBART,1987,7,17008,18662,35670,432,388,820,17440,19050,36490
KARRATHA,1987,7,9838,10007,19845,0,0,0,9838,10007,19845
LAUNCESTON,1987,7,19897,21007,40904,0,0,0,19897,21007,40904
MACKAY,1987,7,9474,9646,19120,0,0,0,9474,9646,19120
MELBOURNE,1987,7,244234,234063,478297,64716,55056,119772,308950,289119,598069
PERTH,1987,7,65876,67080,132956,29103,26376,55479,94979,93456,188435
ROCKHAMPTON,1987,7,21816,21641,43457,0,0,0,21816,21641,43457
SUNSHINE COAST,1987,7,3806,3670,7476,0,0,0,3806,3670,7476
SYDNEY,1987,7,320203,321661,641864,154634,144951,299585,474837,466612,941449
TOWNSVILLE,1987,7,46504,46960,93464,1147,967,2114,47651,47927,95578
NEWCASTLE,1987,7,2918,2929,5847,0,0,0,2918,2929,5847
ADELAIDE,1987,8,84874,84708,169582,6011,5629,11640,90885,90337,181222
ALICE SPRINGS,1987,8,32288,32862,65150,0,0,0,32288,32862,65150
All Australian Airports,1987,8,1316872,1316872,2633744,290267,292715,582982,1607139,1609587,3216726
BALLINA,1987,8,987,793,1780,0,0,0,987,793,1780
BRISBANE,1987,8,147141,144894,292035,32607,32682,65289,179748,177576,357324
CAIRNS,1987,8,36030,36487,72517,4757,4797,9554,40787,41284,82071
CANBERRA,1987,8,43879,45951,89830,0,0,0,43879,45951,89830
DARWIN,1987,8,18550,20078,38628,2807,2951,5758,21357,23029,44386
GOLD COAST,1987,8,41704,46219,87923,0,0,0,41704,46219,87923
HAMILTON ISLAND,1987,8,7332,7104,14436,0,0,0,7332,7104,14436
HOBART,1987,8,17783,20332,38115,620,627,1247,18403,20959,39362
KARRATHA,1987,8,8644,8839,17483,0,0,0,8644,8839,17483
LAUNCESTON,1987,8,20971,21912,42883,0,0,0,20971,21912,42883
MACKAY,1987,8,8559,8701,17260,0,0,0,8559,8701,17260
MELBOURNE,1987,8,233211,229680,462891,62874,58505,121379,296085,288185,584270
PERTH,1987,8,61065,59747,120812,27336,26269,53605,88401,86016,174417
ROCKHAMPTON,1987,8,18626,18709,37335,0,0,0,18626,18709,37335
SUNSHINE COAST,1987,8,3694,3627,7321,0,0,0,3694,3627,7321
SYDNEY,1987,8,310005,304612,614617,151067,158917,309984,461072,463529,924601
TOWNSVILLE,1987,8,45007,45254,90261,1088,1175,2263,46095,46429,92524
NEWCASTLE,1987,8,2568,2432,5000,0,0,0,2568,2432,5000
ADELAIDE,1987,9,85341,86790,172131,6478,5777,12255,91819,92567,184386
ALICE SPRINGS,1987,9,30668,30513,61181,0,0,0,30668,30513,61181
All Australian Airports,1987,9,1378347,1378347,2756694,293051,284202,577253,1671398,1662549,3333947
BALLINA,1987,9,1189,795,1984,0,0,0,1189,795,1984
BRISBANE,1987,9,149544,146631,296175,30109,32301,62410,179653,178932,358585
CAIRNS,1987,9,35631,34708,70339,5559,4713,10272,41190,39421,80611
CANBERRA,1987,9,47867,44444,92311,0,0,0,47867,44444,92311
DARWIN,1987,9,16967,18031,34998,2270,2415,4685,19237,20446,39683
GOLD COAST,1987,9,49502,50237,99739,0,0,0,49502,50237,99739
HAMILTON ISLAND,1987,9,8431,7666,16097,0,0,0,8431,7666,16097
HOBART,1987,9,23778,19085,42863,650,472,1122,24428,19557,43985
KARRATHA,1987,9,8542,7996,16538,0,0,0,8542,7996,16538
LAUNCESTON,1987,9,26174,22146,48320,0,0,0,26174,22146,48320
MACKAY,1987,9,8779,8801,17580,0,0,0,8779,8801,17580
MELBOURNE,1987,9,251766,266093,517859,67981,61591,129572,319747,327684,647431
PERTH,1987,9,67279,66740,134019,27352,25294,52646,94631,92034,186665
ROCKHAMPTON,1987,9,18460,18594,37054,0,0,0,18460,18594,37054
SUNSHINE COAST,1987,9,4306,4078,8384,0,0,0,4306,4078,8384
SYDNEY,1987,9,317301,321711,639012,150640,149306,299946,467941,471017,938958
TOWNSVILLE,1987,9,41241,42421,83662,923,1205,2128,42164,43626,85790
NEWCASTLE,1987,9,2890,2951,5841,0,0,0,2890,2951,5841
ADELAIDE,1987,10,96362,90890,187252,7776,4707,12483,104138,95597,199735
ALICE SPRINGS,1987,10,33020,34321,67341,0,0,0,33020,34321,67341
All Australian Airports,1987,10,1460138,1460138,2920276,358523,261408,619931,1818661,1721546,3540207
BALLINA,1987,10,1181,910,2091,0,0,0,1181,910,2091
BRISBANE,1987,10,155071,150501,305572,33648,29173,62821,188719,179674,368393
CAIRNS,1987,10,36196,40571,76767,7435,4650,12085,43631,45221,88852
CANBERRA,1987,10,51843,52124,103967,0,0,0,51843,52124,103967
DARWIN,1987,10,15874,18178,34052,3312,2496,5808,19186,20674,39860
GOLD COAST,1987,10,48390,58692,107082,0,0,0,48390,58692,107082
HAMILTON ISLAND,1987,10,8571,9527,18098,0,0,0,8571,9527,18098
HOBART,1987,10,23110,22788,45898,820,729,1549,23930,23517,47447
KARRATHA,1987,10,8628,8630,17258,0,0,0,8628,8630,17258
LAUNCESTON,1987,10,24393,25931,50324,0,0,0,24393,25931,50324
MACKAY,1987,10,8899,9292,18191,0,0,0,8899,9292,18191
MELBOURNE,1987,10,277852,265903,543755,81777,46722,128499,359629,312625,672254
PERTH,1987,10,71717,71631,143348,33317,23558,56875,105034,95189,200223
ROCKHAMPTON,1987,10,19289,19784,39073,0,0,0,19289,19784,39073
SUNSHINE COAST,1987,10,3584,4116,7700,0,0,0,3584,4116,7700
SYDNEY,1987,10,347068,341526,688594,188052,147314,335366,535120,488840,1023960
TOWNSVILLE,1987,10,44126,44566,88692,1290,1069,2359,45416,45635,91051
NEWCASTLE,1987,10,2699,2652,5351,0,0,0,2699,2652,5351
ADELAIDE,1987,11,95943,95842,191785,6313,4681,10994,102256,100523,202779
ALICE SPRINGS,1987,11,29306,29399,58705,0,0,0,29306,29399,58705
All Australian Airports,1987,11,1338374,1338374,2676748,311171,278325,589496,1649545,1616699,3266244
BALLINA,1987,11,1034,777,1811,0,0,0,1034,777,1811
BRISBANE,1987,11,138795,136458,275253,28923,29570,58493,167718,166028,333746
CAIRNS,1987,11,31671,32874,64545,6466,4839,11305,38137,37713,75850
CANBERRA,1987,11,51604,51940,103544,0,0,0,51604,51940,103544
DARWIN,1987,11,13467,13951,27418,2560,2590,5150,16027,16541,32568
GOLD COAST,1987,11,35246,44627,79873,0,0,0,35246,44627,79873
HAMILTON ISLAND,1987,11,8792,8166,16958,0,0,0,8792,8166,16958
HOBART,1987,11,20861,20306,41167,682,690,1372,21543,20996,42539
KARRATHA,1987,11,7860,7721,15581,0,0,0,7860,7721,15581
LAUNCESTON,1987,11,24752,23985,48737,0,0,0,24752,23985,48737
MACKAY,1987,11,7906,7930,15836,0,0,0,7906,7930,15836
MELBOURNE,1987,11,250822,250070,500892,68808,52302,121110,319630,302372,622002
PERTH,1987,11,61199,62042,123241,28402,23324,51726,89601,85366,174967
ROCKHAMPTON,1987,11,18090,17845,35935,0,0,0,18090,17845,35935
SUNSHINE COAST,1987,11,3324,3491,6815,0,0,0,3324,3491,6815
SYDNEY,1987,11,322007,315261,637268,166794,158165,324959,488801,473426,962227
TOWNSVILLE,1987,11,41208,42416,83624,842,899,1741,42050,43315,85365
NEWCASTLE,1987,11,2655,2553,5208,0,0,0,2655,2553,5208
ADELAIDE,1987,12,83881,84307,168188,5908,6379,12287,89789,90686,180475
ALICE SPRINGS,1987,12,28057,28855,56912,0,0,0,28057,28855,56912
All Australian Airports,1987,12,1330040,1330040,2660080,323057,321962,645019,1653097,1652002,3305099
BALLINA,1987,12,1621,1149,2770,0,0,0,1621,1149,2770
BRISBANE,1987,12,145605,136160,281765,34211,30734,64945,179816,166894,346710
CAIRNS,1987,12,31426,30679,62105,5456,4648,10104,36882,35327,72209
CANBERRA,1987,12,42669,44654,87323,0,0,0,42669,44654,87323
DARWIN,1987,12,15000,18870,33870,2765,3492,6257,17765,22362,40127
GOLD COAST,1987,12,46604,42263,88867,0,0,0,46604,42263,88867
HAMILTON ISLAND,1987,12,7307,6276,13583,0,0,0,7307,6276,13583
HOBART,1987,12,26946,22184,49130,1249,803,2052,28195,22987,51182
KARRATHA,1987,12,6827,9674,16501,0,0,0,6827,9674,16501
LAUNCESTON,1987,12,29558,26004,55562,0,0,0,29558,26004,55562
MACKAY,1987,12,7609,7672,15281,0,0,0,7609,7672,15281
MELBOURNE,1987,12,233773,253842,487615,64926,68578,133504,298699,322420,621119
PERTH,1987,12,73133,64531,137664,31799,32723,64522,104932,97254,202186
ROCKHAMPTON,1987,12,17632,17266,34898,0,0,0,17632,17266,34898
SUNSHINE COAST,1987,12,3955,3361,7316,0,0,0,3955,3361,7316
SYDNEY,1987,12,305792,312267,618059,174806,172643,347449,480598,484910,965508
TOWNSVILLE,1987,12,37450,38974,76424,778,825,1603,38228,39799,78027
NEWCASTLE,1987,12,2795,2831,5626,0,0,0,2795,2831,5626
ADELAIDE,1988,1,85874,83852,169726,7498,6560,14058,93372,90412,183784
ALICE SPRINGS,1988,1,31782,31489,63271,0,0,0,31782,31489,63271
All Australian Airports,1988,1,1363561,1363561,2727122,371659,322979,694638,1735220,1686540,3421760
BALLINA,1988,1,1307,1225,2532,0,0,0,1307,1225,2532
BRISBANE,1988,1,145833,143790,289623,35728,32810,68538,181561,176600,358161
CAIRNS,1988,1,31786,34226,66012,5930,4748,10678,37716,38974,76690
CANBERRA,1988,1,37610,34485,72095,0,0,0,37610,34485,72095
DARWIN,1988,1,17948,15535,33483,3978,2800,6778,21926,18335,40261
GOLD COAST,1988,1,51995,66242,118237,0,0,0,51995,66242,118237
HAMILTON ISLAND,1988,1,7092,8578,15670,0,0,0,7092,8578,15670
HOBART,1988,1,26754,34110,60864,994,1037,2031,27748,35147,62895
KARRATHA,1988,1,9192,7245,16437,0,0,0,9192,7245,16437
LAUNCESTON,1988,1,29636,34269,63905,0,0,0,29636,34269,63905
MACKAY,1988,1,7560,7738,15298,0,0,0,7560,7738,15298
MELBOURNE,1988,1,260194,241143,501337,80311,63356,143667,340505,304499,645004
PERTH,1988,1,69291,77412,146703,35832,31669,67501,105123,109081,214204
ROCKHAMPTON,1988,1,17651,17963,35614,0,0,0,17651,17963,35614
SUNSHINE COAST,1988,1,4265,5094,9359,0,0,0,4265,5094,9359
SYDNEY,1988,1,317081,302904,619985,199123,177681,376804,516204,480585,996789
TOWNSVILLE,1988,1,40267,39141,79408,1097,958,2055,41364,40099,81463
NEWCASTLE,1988,1,2890,2801,5691,0,0,0,2890,2801,5691
ADELAIDE,1988,2,82848,81326,164174,5796,4601,10397,88644,85927,174571
ALICE SPRINGS,1988,2,23670,23581,47251,0,0,0,23670,23581,47251
All Australian Airports,1988,2,1222706,1222706,2445412,302167,265724,567891,1524873,1488430,3013303
BALLINA,1988,2,1042,785,1827,0,0,0,1042,785,1827
BRISBANE,1988,2,125110,121812,246922,28735,26531,55266,153845,148343,302188
CAIRNS,1988,2,25984,25759,51743,4961,3959,8920,30945,29718,60663
CANBERRA,1988,2,47012,47005,94017,0,0,0,47012,47005,94017
DARWIN,1988,2,11479,11273,22752,2456,2018,4474,13935,13291,27226
GOLD COAST,1988,2,35697,43932,79629,0,0,0,35697,43932,79629
HAMILTON ISLAND,1988,2,5372,5539,10911,0,0,0,5372,5539,10911
HOBART,1988,2,22057,20449,42506,1043,633,1676,23100,21082,44182
KARRATHA,1988,2,7258,6989,14247,0,0,0,7258,6989,14247
LAUNCESTON,1988,2,25879,24581,50460,0,0,0,25879,24581,50460
MACKAY,1988,2,6475,6570,13045,0,0,0,6475,6570,13045
MELBOURNE,1988,2,238798,238378,477176,65184,51314,116498,303982,289692,593674
PERTH,1988,2,58389,58919,117308,31128,24153,55281,89517,83072,172589
ROCKHAMPTON,1988,2,15340,15478,30818,0,0,0,15340,15478,30818
SUNSHINE COAST,1988,2,2336,2334,4670,0,0,0,2336,2334,4670
SYDNEY,1988,2,295602,298438,594040,161102,150846,311948,456704,449284,905988
TOWNSVILLE,1988,2,34926,34627,69553,670,706,1376,35596,35333,70929
NEWCASTLE,1988,2,2504,2467,4971,0,0,0,2504,2467,4971
ADELAIDE,1988,3,90690,92353,183043,6143,6241,12384,96833,98594,195427
ALICE SPRINGS,1988,3,28059,27548,55607,0,0,0,28059,27548,55607
All Australian Airports,1988,3,1373375,1373375,2746750,298283,310622,608905,1671658,1683997,3355655
BALLINA,1988,3,1195,863,2058,0,0,0,1195,863,2058
BRISBANE,1988,3,146827,141359,288186,31490,30965,62455,178317,172324,350641
CAIRNS,1988,3,32226,31193,63419,5353,5196,10549,37579,36389,73968
CANBERRA,1988,3,49241,50409,99650,0,0,0,49241,50409,99650
DARWIN,1988,3,13418,13296,26714,2383,2463,4846,15801,15759,31560
GOLD COAST,1988,3,39614,43647,83261,0,0,0,39614,43647,83261
HAMILTON ISLAND,1988,3,7615,7119,14734,0,0,0,7615,7119,14734
HOBART,1988,3,21696,22556,44252,715,625,1340,22411,23181,45592
KARRATHA,1988,3,7859,8469,16328,0,0,0,7859,8469,16328
LAUNCESTON,1988,3,26029,26578,52607,0,0,0,26029,26578,52607
MACKAY,1988,3,8900,8915,17815,0,0,0,8900,8915,17815
MELBOURNE,1988,3,260526,266489,527015,61095,62449,123544,321621,328938,650559
PERTH,1988,3,65883,65880,131763,29025,28863,57888,94908,94743,189651
ROCKHAMPTON,1988,3,18475,19340,37815,0,0,0,18475,19340,37815
SUNSHINE COAST,1988,3,2873,2873,5746,0,0,0,2873,2873,5746
SYDNEY,1988,3,335162,329725,664887,160036,171894,331930,495198,501619,996817
TOWNSVILLE,1988,3,40661,40960,81621,824,663,1487,41485,41623,83108
NEWCASTLE,1988,3,2641,2767,5408,0,0,0,2641,2767,5408
ADELAIDE,1988,4,86263,89319,175582,5466,6875,12341,91729,96194,187923
ALICE SPRINGS,1988,4,28449,29198,57647,0,0,0,28449,29198,57647
All Australian Airports,1988,4,1315299,1315299,2630598,288218,297783,586001,1603517,1613082,3216599
BALLINA,1988,4,1411,1250,2661,0,0,0,1411,1250,2661
BRISBANE,1988,4,145503,136582,282085,34984,27498,62482,180487,164080,344567
CAIRNS,1988,4,32250,33138,65388,5673,5050,10723,37923,38188,76111
CANBERRA,1988,4,45247,45950,91197,0,0,0,45247,45950,91197
DARWIN,1988,4,15703,15268,30971,2754,3057,5811,18457,18325,36782
GOLD COAST,1988,4,41206,47946,89152,0,0,0,41206,47946,89152
HAMILTON ISLAND,1988,4,7006,7650,14656,0,0,0,7006,7650,14656
HOBART,1988,4,21428,22809,44237,668,641,1309,22096,23450,45546
KARRATHA,1988,4,8041,7685,15726,0,0,0,8041,7685,15726
LAUNCESTON,1988,4,27615,29449,57064,0,0,0,27615,29449,57064
MACKAY,1988,4,8185,8419,16604,0,0,0,8185,8419,16604
MELBOURNE,1988,4,248339,243860,492199,56795,61228,118023,305134,305088,610222
PERTH,1988,4,61956,63137,125093,26830,28318,55148,88786,91455,180241
ROCKHAMPTON,1988,4,18434,18714,37148,0,0,0,18434,18714,37148
SUNSHINE COAST,1988,4,3207,3250,6457,0,0,0,3207,3250,6457
SYDNEY,1988,4,314724,306014,620738,152750,163005,315755,467474,469019,936493
TOWNSVILLE,1988,4,37677,37552,75229,863,753,1616,38540,38305,76845
NEWCASTLE,1988,4,2578,2611,5189,0,0,0,2578,2611,5189
ADELAIDE,1988,5,87630,89403,177033,4197,6040,10237,91827,95443,187270
ALICE SPRINGS,1988,5,26616,27167,53783,0,0,0,26616,27167,53783
All Australian Airports,1988,5,1349328,1349328,2698656,264494,307690,572184,1613822,1657018,3270840
BALLINA,1988,5,1163,873,2036,0,0,0,1163,873,2036
BRISBANE,1988,5,160845,160271,321116,40189,39081,79270,201034,199352,400386
CAIRNS,1988,5,31847,31244,63091,5680,5520,11200,37527,36764,74291
CANBERRA,1988,5,51830,51225,103055,0,0,0,51830,51225,103055
DARWIN,1988,5,16387,16322,32709,2800,2890,5690,19187,19212,38399
GOLD COAST,1988,5,44824,48978,93802,0,0,0,44824,48978,93802
HAMILTON ISLAND,1988,5,5923,6136,12059,0,0,0,5923,6136,12059
HOBART,1988,5,17649,21549,39198,491,512,1003,18140,22061,40201
KARRATHA,1988,5,7727,7425,15152,0,0,0,7727,7425,15152
LAUNCESTON,1988,5,21345,23923,45268,0,0,0,21345,23923,45268
MACKAY,1988,5,8082,8245,16327,0,0,0,8082,8245,16327
MELBOURNE,1988,5,247686,246485,494171,49634,59349,108983,297320,305834,603154
PERTH,1988,5,60458,61586,122044,22053,26595,48648,82511,88181,170692
ROCKHAMPTON,1988,5,18631,18643,37274,0,0,0,18631,18643,37274
SUNSHINE COAST,1988,5,2878,2696,5574,0,0,0,2878,2696,5574
SYDNEY,1988,5,338642,326463,665105,137288,165597,302885,475930,492060,967990
TOWNSVILLE,1988,5,41309,41137,82446,893,734,1627,42202,41871,84073
NEWCASTLE,1988,5,3115,3184,6299,0,0,0,3115,3184,6299
ADELAIDE,1988,6,80847,82247,163094,4872,5430,10302,85719,87677,173396
ALICE SPRINGS,1988,6,28119,27784,55903,0,0,0,28119,27784,55903
All Australian Airports,1988,6,1346807,1346807,2693614,287424,302002,589426,1634231,1648809,3283040
BALLINA,1988,6,1301,926,2227,0,0,0,1301,926,2227
BRISBANE,1988,6,172607,164703,337310,46167,39129,85296,218774,203832,422606
CAIRNS,1988,6,36345,33405,69750,7904,5649,13553,44249,39054,83303
CANBERRA,1988,6,44217,45971,90188,0,0,0,44217,45971,90188
DARWIN,1988,6,19450,17815,37265,3041,3653,6694,22491,21468,43959
GOLD COAST,1988,6,52627,53235,105862,0,0,0,52627,53235,105862
HAMILTON ISLAND,1988,6,6344,5779,12123,0,0,0,6344,5779,12123
HOBART,1988,6,20894,17940,38834,469,343,812,21363,18283,39646
KARRATHA,1988,6,7965,8161,16126,0,0,0,7965,8161,16126
LAUNCESTON,1988,6,23811,21982,45793,0,0,0,23811,21982,45793
MACKAY,1988,6,8151,7965,16116,0,0,0,8151,7965,16116
MELBOURNE,1988,6,229672,253611,483283,54308,63028,117336,283980,316639,600619
PERTH,1988,6,57568,60662,118230,24480,29396,53876,82048,90058,172106
ROCKHAMPTON,1988,6,18629,18448,37077,0,0,0,18629,18448,37077
SUNSHINE COAST,1988,6,3571,2856,6427,0,0,0,3571,2856,6427
SYDNEY,1988,6,328923,322749,651672,143964,153417,297381,472887,476166,949053
TOWNSVILLE,1988,6,40659,39971,80630,1083,730,1813,41742,40701,82443
NEWCASTLE,1988,6,2844,2780,5624,0,0,0,2844,2780,5624
ADELAIDE,1988,7,99879,100511,200390,6347,5702,12049,106226,106213,212439
ALICE SPRINGS,1988,7,37521,38344,75865,0,0,0,37521,38344,75865
All Australian Airports,1988,7,1542634,1542634,3085268,366504,320304,686808,1909138,1862938,3772076
BALLINA,1988,7,1532,1182,2714,0,0,0,1532,1182,2714
BRISBANE,1988,7,200744,205040,405784,55184,43228,98412,255928,248268,504196
CAIRNS,1988,7,47989,48498,96487,8186,6248,14434,56175,54746,110921
CANBERRA,1988,7,47691,47845,95536,0,0,0,47691,47845,95536
DARWIN,1988,7,23582,25258,48840,4802,4297,9099,28384,29555,57939
GOLD COAST,1988,7,61093,68698,129791,0,0,0,61093,68698,129791
HAMILTON ISLAND,1988,7,7639,7958,15597,0,0,0,7639,7958,15597
HOBART,1988,7,17741,18755,36496,473,389,862,18214,19144,37358
KARRATHA,1988,7,8720,8956,17676,0,0,0,8720,8956,17676
LAUNCESTON,1988,7,22343,23842,46185,0,0,0,22343,23842,46185
MACKAY,1988,7,9247,9243,18490,0,0,0,9247,9243,18490
MELBOURNE,1988,7,265612,249551,515163,69920,58282,128202,335532,307833,643365
PERTH,1988,7,70721,67793,138514,33827,27505,61332,104548,95298,199846
ROCKHAMPTON,1988,7,19993,19601,39594,0,0,0,19993,19601,39594
SUNSHINE COAST,1988,7,4393,4781,9174,0,0,0,4393,4781,9174
SYDNEY,1988,7,375957,375891,751848,185209,172550,357759,561166,548441,1109607
TOWNSVILLE,1988,7,46801,46272,93073,1292,895,2187,48093,47167,95260
NEWCASTLE,1988,7,3104,3204,6308,0,0,0,3104,3204,6308
ADELAIDE,1988,8,89970,90682,180652,5888,5534,11422,95858,96216,192074
ALICE SPRINGS,1988,8,36367,36153,72520,0,0,0,36367,36153,72520
All Australian Airports,1988,8,1502451,1502451,3004902,340569,339043,679612,1843020,1841494,3684514
BALLINA,1988,8,1221,961,2182,0,0,0,1221,961,2182
BRISBANE,1988,8,191624,192300,383924,52094,46859,98953,243718,239159,482877
CAIRNS,1988,8,44165,45087,89252,8581,8426,17007,52746,53513,106259
CANBERRA,1988,8,49390,48705,98095,0,0,0,49390,48705,98095
DARWIN,1988,8,21101,22020,43121,3637,3631,7268,24738,25651,50389
GOLD COAST,1988,8,58839,63617,122456,0,0,0,58839,63617,122456
HAMILTON ISLAND,1988,8,7917,8233,16150,0,0,0,7917,8233,16150
HOBART,1988,8,19435,23747,43182,506,534,1040,19941,24281,44222
KARRATHA,1988,8,8189,8286,16475,0,0,0,8189,8286,16475
LAUNCESTON,1988,8,23664,25639,49303,0,0,0,23664,25639,49303
MACKAY,1988,8,8822,9085,17907,0,0,0,8822,9085,17907
MELBOURNE,1988,8,264733,261762,526495,65090,62654,127744,329823,324416,654239
PERTH,1988,8,65484,65720,131204,29077,27122,56199,94561,92842,187403
ROCKHAMPTON,1988,8,18747,19016,37763,0,0,0,18747,19016,37763
SUNSHINE COAST,1988,8,3849,3970,7819,0,0,0,3849,3970,7819
SYDNEY,1988,8,370453,356722,727175,173149,181963,355112,543602,538685,1082287
TOWNSVILLE,1988,8,45260,46155,91415,1124,1026,2150,46384,47181,93565
NEWCASTLE,1988,8,3321,3466,6787,0,0,0,3321,3466,6787
ADELAIDE,1988,9,95683,95965,191648,6160,5815,11975,101843,101780,203623
ALICE SPRINGS,1988,9,33399,33196,66595,0,0,0,33399,33196,66595
All Australian Airports,1988,9,1600562,1600562,3201124,348421,346881,695302,1948983,1947443,3896426
BALLINA,1988,9,1819,1346,3165,0,0,0,1819,1346,3165
BRISBANE,1988,9,208179,202893,411072,50352,46935,97287,258531,249828,508359
CAIRNS,1988,9,42744,42640,85384,8488,6645,15133,51232,49285,100517
CANBERRA,1988,9,48218,52067,100285,0,0,0,48218,52067,100285
DARWIN,1988,9,19186,20066,39252,3275,3114,6389,22461,23180,45641
GOLD COAST,1988,9,65751,71309,137060,0,0,0,65751,71309,137060
HAMILTON ISLAND,1988,9,9211,8612,17823,0,0,0,9211,8612,17823
HOBART,1988,9,26830,20434,47264,633,567,1200,27463,21001,48464
KARRATHA,1988,9,7782,8182,15964,0,0,0,7782,8182,15964
LAUNCESTON,1988,9,31830,27111,58941,0,0,0,31830,27111,58941
MACKAY,1988,9,9759,9867,19626,0,0,0,9759,9867,19626
MELBOURNE,1988,9,286771,295090,581861,75760,66770,142530,362531,361860,724391
PERTH,1988,9,69658,70089,139747,31478,29259,60737,101136,99348,200484
ROCKHAMPTON,1988,9,20558,20651,41209,0,0,0,20558,20651,41209
SUNSHINE COAST,1988,9,5319,4676,9995,0,0,0,5319,4676,9995
SYDNEY,1988,9,389543,390868,780411,169802,185144,354946,559345,576012,1135357
TOWNSVILLE,1988,9,44594,45196,89790,1107,1181,2288,45701,46377,92078
NEWCASTLE,1988,9,3629,3745,7374,0,0,0,3629,3745,7374
ADELAIDE,1988,10,99175,93654,192829,7712,4862,12574,106887,98516,205403
ALICE SPRINGS,1988,10,34635,35474,70109,0,0,0,34635,35474,70109
All Australian Airports,1988,10,1545842,1545842,3091684,392404,312920,705324,1938246,1858762,3797008
BALLINA,1988,10,1742,1482,3224,0,0,0,1742,1482,3224
BRISBANE,1988,10,186757,197815,384572,48460,44163,92623,235217,241978,477195
CAIRNS,1988,10,40411,42578,82989,8334,6711,15045,48745,49289,98034
CANBERRA,1988,10,50154,47970,98124,0,0,0,50154,47970,98124
DARWIN,1988,10,16733,18963,35696,4600,3120,7720,21333,22083,43416
GOLD COAST,1988,10,58876,74091,132967,0,0,0,58876,74091,132967
HAMILTON ISLAND,1988,10,9804,10493,20297,0,0,0,9804,10493,20297
HOBART,1988,10,22523,22326,44849,806,614,1420,23329,22940,46269
KARRATHA,1988,10,8114,7952,16066,0,0,0,8114,7952,16066
LAUNCESTON,1988,10,25533,26040,51573,0,0,0,25533,26040,51573
MACKAY,1988,10,9642,9681,19323,0,0,0,9642,9681,19323
MELBOURNE,1988,10,282066,267551,549617,80770,57069,137839,362836,324620,687456
PERTH,1988,10,71342,70151,141493,36134,24652,60786,107476,94803,202279
ROCKHAMPTON,1988,10,20287,21057,41344,0,0,0,20287,21057,41344
SUNSHINE COAST,1988,10,4236,5122,9358,0,0,0,4236,5122,9358
SYDNEY,1988,10,384717,372180,756897,203114,169150,372264,587831,541330,1129161
TOWNSVILLE,1988,10,40936,41469,82405,966,1046,2012,41902,42515,84417
NEWCASTLE,1988,10,3781,3741,7522,0,0,0,3781,3741,7522
ADELAIDE,1988,11,97510,96716,194226,6615,4764,11379,104125,101480,205605
ALICE SPRINGS,1988,11,28253,28973,57226,0,0,0,28253,28973,57226
All Australian Airports,1988,11,1357601,1357601,2715202,341635,312110,653745,1699236,1669711,3368947
BALLINA,1988,11,1253,1073,2326,0,0,0,1253,1073,2326
BRISBANE,1988,11,145950,148092,294042,35741,38491,74232,181691,186583,368274
CAIRNS,1988,11,33729,34487,68216,8676,7756,16432,42405,42243,84648
CANBERRA,1988,11,50837,51347,102184,0,0,0,50837,51347,102184
DARWIN,1988,11,13937,14094,28031,3075,3176,6251,17012,17270,34282
GOLD COAST,1988,11,40973,50837,91810,0,0,0,40973,50837,91810
HAMILTON ISLAND,1988,11,8008,8411,16419,0,0,0,8008,8411,16419
HOBART,1988,11,20404,19965,40369,661,605,1266,21065,20570,41635
KARRATHA,1988,11,6711,6719,13430,0,0,0,6711,6719,13430
LAUNCESTON,1988,11,23322,23267,46589,0,0,0,23322,23267,46589
MACKAY,1988,11,7185,7393,14578,0,0,0,7185,7393,14578
MELBOURNE,1988,11,263604,259580,523184,70825,58249,129074,334429,317829,652258
PERTH,1988,11,63479,64047,127526,33665,27848,61513,97144,91895,189039
ROCKHAMPTON,1988,11,15630,15466,31096,0,0,0,15630,15466,31096
SUNSHINE COAST,1988,11,2772,2967,5739,0,0,0,2772,2967,5739
SYDNEY,1988,11,341993,332611,674604,180475,169130,349605,522468,501741,1024209
TOWNSVILLE,1988,11,33391,34393,67784,630,806,1436,34021,35199,69220
NEWCASTLE,1988,11,2772,2920,5692,0,0,0,2772,2920,5692
ADELAIDE,1988,12,86010,85844,171854,5779,5987,11766,91789,91831,183620
ALICE SPRINGS,1988,12,27144,27749,54893,0,0,0,27144,27749,54893
All Australian Airports,1988,12,1339087,1339087,2678174,353341,373605,726946,1692428,1712692,3405120
BALLINA,1988,12,1839,1408,3247,0,0,0,1839,1408,3247
BRISBANE,1988,12,151613,144962,296575,43160,40821,83981,194773,185783,380556
CAIRNS,1988,12,32713,33250,65963,9045,7076,16121,41758,40326,82084
CANBERRA,1988,12,40016,43123,83139,0,0,0,40016,43123,83139
DARWIN,1988,12,14096,18490,32586,3384,4921,8305,17480,23411,40891
GOLD COAST,1988,12,52658,50795,103453,0,0,0,52658,50795,103453
HAMILTON ISLAND,1988,12,8200,6944,15144,0,0,0,8200,6944,15144
HOBART,1988,12,25827,21935,47762,687,717,1404,26514,22652,49166
KARRATHA,1988,12,5977,7730,13707,0,0,0,5977,7730,13707
LAUNCESTON,1988,12,29627,24914,54541,0,0,0,29627,24914,54541
MACKAY,1988,12,7917,7856,15773,0,0,0,7917,7856,15773
MELBOURNE,1988,12,244369,260314,504683,70046,75784,145830,314415,336098,650513
PERTH,1988,12,74030,66369,140399,36543,38659,75202,110573,105028,215601
ROCKHAMPTON,1988,12,16644,16292,32936,0,0,0,16644,16292,32936
SUNSHINE COAST,1988,12,4922,3734,8656,0,0,0,4922,3734,8656
SYDNEY,1988,12,317123,323443,640566,182584,197487,380071,499707,520930,1020637
TOWNSVILLE,1988,12,34199,35056,69255,874,1053,1927,35073,36109,71182
NEWCASTLE,1988,12,2650,2786,5436,0,0,0,2650,2786,5436
ADELAIDE,1989,1,82568,82130,164698,7284,6036,13320,89852,88166,178018
ALICE SPRINGS,1989,1,29639,29232,58871,0,0,0,29639,29232,58871
All Australian Airports,1989,1,1317565,1317565,2635130,406078,353027,759105,1723643,1670592,3394235
BALLINA,1989,1,1531,1499,3030,0,0,0,1531,1499,3030
BRISBANE,1989,1,143119,143232,286351,45067,38400,83467,188186,181632,369818
CAIRNS,1989,1,32906,34751,67657,9637,9132,18769,42543,43883,86426
CANBERRA,1989,1,33873,31467,65340,0,0,0,33873,31467,65340
DARWIN,1989,1,17443,14387,31830,5015,3135,8150,22458,17522,39980
GOLD COAST,1989,1,51786,67587,119373,0,0,0,51786,67587,119373
HAMILTON ISLAND,1989,1,7642,9583,17225,0,0,0,7642,9583,17225
HOBART,1989,1,25595,31740,57335,826,868,1694,26421,32608,59029
KARRATHA,1989,1,7658,6338,13996,0,0,0,7658,6338,13996
LAUNCESTON,1989,1,26677,31773,58450,0,0,0,26677,31773,58450
MACKAY,1989,1,7344,7695,15039,0,0,0,7344,7695,15039
MELBOURNE,1989,1,260300,238882,499182,87469,70355,157824,347769,309237,657006
PERTH,1989,1,68686,77048,145734,38174,34352,72526,106860,111400,218260
ROCKHAMPTON,1989,1,15421,15599,31020,0,0,0,15421,15599,31020
SUNSHINE COAST,1989,1,4585,5885,10470,0,0,0,4585,5885,10470
SYDNEY,1989,1,309980,293191,603171,210566,188636,399202,520546,481827,1002373
TOWNSVILLE,1989,1,35788,34845,70633,932,830,1762,36720,35675,72395
NEWCASTLE,1989,1,2454,2464,4918,0,0,0,2454,2464,4918
ADELAIDE,1989,2,77327,76909,154236,5748,4585,10333,83075,81494,164569
ALICE SPRINGS,1989,2,22876,22717,45593,0,0,0,22876,22717,45593
All Australian Airports,1989,2,1152626,1152626,2305252,325524,279992,605516,1478150,1432618,2910768
BALLINA,1989,2,1132,942,2074,0,0,0,1132,942,2074
BRISBANE,1989,2,120953,119237,240190,32579,30841,63420,153532,150078,303610
CAIRNS,1989,2,25237,25452,50689,8068,6423,14491,33305,31875,65180
CANBERRA,1989,2,42510,42055,84565,0,0,0,42510,42055,84565
DARWIN,1989,2,11680,11734,23414,3061,2493,5554,14741,14227,28968
GOLD COAST,1989,2,35675,42798,78473,0,0,0,35675,42798,78473
HAMILTON ISLAND,1989,2,5572,5593,11165,0,0,0,5572,5593,11165
HOBART,1989,2,22466,20118,42584,1035,609,1644,23501,20727,44228
KARRATHA,1989,2,5674,5775,11449,0,0,0,5674,5775,11449
LAUNCESTON,1989,2,20946,19305,40251,0,0,0,20946,19305,40251
MACKAY,1989,2,5725,5831,11556,0,0,0,5725,5831,11556
MELBOURNE,1989,2,232690,232273,464963,70831,55002,125833,303521,287275,590796
PERTH,1989,2,54044,55229,109273,33452,26297,59749,87496,81526,169022
ROCKHAMPTON,1989,2,13060,13101,26161,0,0,0,13060,13101,26161
SUNSHINE COAST,1989,2,2751,2816,5567,0,0,0,2751,2816,5567
SYDNEY,1989,2,286826,285212,572038,169183,152259,321442,456009,437471,893480
TOWNSVILLE,1989,2,28836,29165,58001,700,692,1392,29536,29857,59393
NEWCASTLE,1989,2,2141,2183,4324,0,0,0,2141,2183,4324
ADELAIDE,1989,3,92675,93859,186534,5487,6162,11649,98162,100021,198183
ALICE SPRINGS,1989,3,27796,27721,55517,0,0,0,27796,27721,55517
All Australian Airports,1989,3,1394457,1394457,2788914,310085,342512,652597,1704542,1736969,3441511
BALLINA,1989,3,1366,1151,2517,0,0,0,1366,1151,2517
BRISBANE,1989,3,156718,151496,308214,34331,34405,68736,191049,185901,376950
CAIRNS,1989,3,33523,32518,66041,7653,7938,15591,41176,40456,81632
CANBERRA,1989,3,46649,48348,94997,0,0,0,46649,48348,94997
DARWIN,1989,3,13242,12920,26162,2805,3462,6267,16047,16382,32429
GOLD COAST,1989,3,49699,51835,101534,0,0,0,49699,51835,101534
HAMILTON ISLAND,1989,3,7889,7491,15380,0,0,0,7889,7491,15380
HOBART,1989,3,23574,24632,48206,813,596,1409,24387,25228,49615
KARRATHA,1989,3,6663,7023,13686,0,0,0,6663,7023,13686
LAUNCESTON,1989,3,24019,24892,48911,0,0,0,24019,24892,48911
MACKAY,1989,3,8244,8496,16740,0,0,0,8244,8496,16740
MELBOURNE,1989,3,269007,275462,544469,62541,71289,133830,331548,346751,678299
PERTH,1989,3,69044,66152,135196,32277,33538,65815,101321,99690,201011
ROCKHAMPTON,1989,3,16430,16528,32958,0,0,0,16430,16528,32958
SUNSHINE COAST,1989,3,4128,3736,7864,0,0,0,4128,3736,7864
SYDNEY,1989,3,341712,338480,680192,162283,183199,345482,503995,521679,1025674
TOWNSVILLE,1989,3,35106,34885,69991,661,748,1409,35767,35633,71400
NEWCASTLE,1989,3,2825,2896,5721,0,0,0,2825,2896,5721
ADELAIDE,1989,4,87129,90339,177468,5130,6246,11376,92259,96585,188844
ALICE SPRINGS,1989,4,27892,28078,55970,0,0,0,27892,28078,55970
All Australian Airports,1989,4,1256371,1256371,2512742,299136,315425,614561,1555507,1571796,3127303
BALLINA,1989,4,1481,1364,2845,0,0,0,1481,1364,2845
BRISBANE,1989,4,137064,138821,275885,36790,32953,69743,173854,171774,345628
CAIRNS,1989,4,31683,31908,63591,7840,7909,15749,39523,39817,79340
CANBERRA,1989,4,41252,41532,82784,0,0,0,41252,41532,82784
DARWIN,1989,4,15958,16164,32122,3304,3651,6955,19262,19815,39077
GOLD COAST,1989,4,37556,47571,85127,0,0,0,37556,47571,85127
HAMILTON ISLAND,1989,4,6031,7211,13242,0,0,0,6031,7211,13242
HOBART,1989,4,20681,22644,43325,758,700,1458,21439,23344,44783
KARRATHA,1989,4,7040,6777,13817,0,0,0,7040,6777,13817
LAUNCESTON,1989,4,21516,23289,44805,0,0,0,21516,23289,44805
MACKAY,1989,4,6817,7012,13829,0,0,0,6817,7012,13829
MELBOURNE,1989,4,252609,240788,493397,59039,64928,123967,311648,305716,617364
PERTH,1989,4,64907,68444,133351,32430,34241,66671,97337,102685,200022
ROCKHAMPTON,1989,4,14665,14593,29258,0,0,0,14665,14593,29258
SUNSHINE COAST,1989,4,2790,3229,6019,0,0,0,2790,3229,6019
SYDNEY,1989,4,300204,285432,585636,151865,162838,314703,452069,448270,900339
TOWNSVILLE,1989,4,31989,32280,64269,782,734,1516,32771,33014,65785
NEWCASTLE,1989,4,2368,2262,4630,0,0,0,2368,2262,4630
ADELAIDE,1989,5,83322,84847,168169,4075,5943,10018,87397,90790,178187
ALICE SPRINGS,1989,5,24131,24840,48971,0,0,0,24131,24840,48971
All Australian Airports,1989,5,1221574,1221574,2443148,254512,299689,554201,1476086,1521263,2997349
BALLINA,1989,5,1297,1073,2370,0,0,0,1297,1073,2370
BRISBANE,1989,5,136244,134697,270941,35371,35000,70371,171615,169697,341312
CAIRNS,1989,5,28737,28395,57132,6892,7800,14692,35629,36195,71824
CANBERRA,1989,5,48050,47239,95289,0,0,0,48050,47239,95289
DARWIN,1989,5,15299,14784,30083,2740,3128,5868,18039,17912,35951
GOLD COAST,1989,5,34123,40081,74204,0,0,0,34123,40081,74204
HAMILTON ISLAND,1989,5,5171,5493,10664,0,0,0,5171,5493,10664
HOBART,1989,5,17974,20782,38756,461,548,1009,18435,21330,39765
KARRATHA,1989,5,7248,7420,14668,0,0,0,7248,7420,14668
LAUNCESTON,1989,5,17441,20021,37462,0,0,0,17441,20021,37462
MACKAY,1989,5,6816,7066,13882,0,0,0,6816,7066,13882
MELBOURNE,1989,5,240275,237059,477334,48827,58595,107422,289102,295654,584756
PERTH,1989,5,62026,62194,124220,25898,30010,55908,87924,92204,180128
ROCKHAMPTON,1989,5,14832,14931,29763,0,0,0,14832,14931,29763
SUNSHINE COAST,1989,5,2307,2411,4718,0,0,0,2307,2411,4718
SYDNEY,1989,5,300084,291577,591661,128596,156839,285435,428680,448416,877096
TOWNSVILLE,1989,5,30286,29883,60169,595,723,1318,30881,30606,61487
NEWCASTLE,1989,5,2304,2328,4632,0,0,0,2304,2328,4632
ADELAIDE,1989,6,84132,85214,169346,5062,5510,10572,89194,90724,179918
ALICE SPRINGS,1989,6,29689,28707,58396,0,0,0,29689,28707,58396
All Australian Airports,1989,6,1267056,1267056,2534112,284425,312446,596871,1551481,1579502,3130983
BALLINA,1989,6,1378,1017,2395,0,0,0,1378,1017,2395
BRISBANE,1989,6,152848,150004,302852,38169,34614,72783,191017,184618,375635
CAIRNS,1989,6,38196,32518,70714,9172,6910,16082,47368,39428,86796
CANBERRA,1989,6,43097,45549,88646,0,0,0,43097,45549,88646
DARWIN,1989,6,20628,18183,38811,3308,4641,7949,23936,22824,46760
GOLD COAST,1989,6,41485,40800,82285,0,0,0,41485,40800,82285
HAMILTON ISLAND,1989,6,6129,5350,11479,0,0,0,6129,5350,11479
HOBART,1989,6,20498,18156,38654,491,372,863,20989,18528,39517
KARRATHA,1989,6,6601,6863,13464,0,0,0,6601,6863,13464
LAUNCESTON,1989,6,19684,18473,38157,0,0,0,19684,18473,38157
MACKAY,1989,6,7959,7755,15714,0,0,0,7959,7755,15714
MELBOURNE,1989,6,231632,245412,477044,56786,68862,125648,288418,314274,602692
PERTH,1989,6,58095,56880,114975,29653,30710,60363,87748,87590,175338
ROCKHAMPTON,1989,6,17195,17305,34500,0,0,0,17195,17305,34500
SUNSHINE COAST,1989,6,3503,2887,6390,0,0,0,3503,2887,6390
SYDNEY,1989,6,296818,303616,600434,139952,159046,298998,436770,462662,899432
TOWNSVILLE,1989,6,35669,34007,69676,897,859,1756,36566,34866,71432
NEWCASTLE,1989,6,2372,2485,4857,0,0,0,2372,2485,4857
ADELAIDE,1989,7,98908,99565,198473,6723,5765,12488,105631,105330,210961
ALICE SPRINGS,1989,7,39248,40235,79483,0,0,0,39248,40235,79483
All Australian Airports,1989,7,1376939,1376939,2753878,370111,317490,687601,1747050,1694429,3441479
BALLINA,1989,7,1509,1260,2769,0,0,0,1509,1260,2769
BRISBANE,1989,7,165759,163506,329265,49756,38371,88127,215515,201877,417392
CAIRNS,1989,7,42169,45618,87787,12392,9649,22041,54561,55267,109828
CANBERRA,1989,7,48833,46550,95383,0,0,0,48833,46550,95383
DARWIN,1989,7,24105,25342,49447,5952,4722,10674,30057,30064,60121
GOLD COAST,1989,7,44716,50182,94898,0,0,0,44716,50182,94898
HAMILTON ISLAND,1989,7,6500,7494,13994,0,0,0,6500,7494,13994
HOBART,1989,7,18172,19488,37660,473,511,984,18645,19999,38644
KARRATHA,1989,7,7802,7849,15651,0,0,0,7802,7849,15651
LAUNCESTON,1989,7,17269,18926,36195,0,0,0,17269,18926,36195
MACKAY,1989,7,8126,8499,16625,0,0,0,8126,8499,16625
MELBOURNE,1989,7,257579,244528,502107,74194,64672,138866,331773,309200,640973
PERTH,1989,7,68308,70741,139049,36394,34417,70811,104702,105158,209860
ROCKHAMPTON,1989,7,17968,17988,35956,0,0,0,17968,17988,35956
SUNSHINE COAST,1989,7,3712,3975,7687,0,0,0,3712,3975,7687
SYDNEY,1989,7,315684,311461,627145,181674,157139,338813,497358,468600,965958
TOWNSVILLE,1989,7,36028,36678,72706,1115,960,2075,37143,37638,74781
NEWCASTLE,1989,7,974,933,1907,0,0,0,974,933,1907
ADELAIDE,1989,8,64509,64790,129299,6288,6661,12949,70797,71451,142248
ALICE SPRINGS,1989,8,22591,23161,45752,0,0,0,22591,23161,45752
All Australian Airports,1989,8,893167,893167,1786334,324349,338415,662764,1217516,1231582,2449098
BALLINA,1989,8,728,624,1352,0,0,0,728,624,1352
BRISBANE,1989,8,105229,105660,210889,43335,45193,88528,148564,150853,299417
CAIRNS,1989,8,28156,29468,57624,11575,11110,22685,39731,40578,80309
CANBERRA,1989,8,29150,29569,58719,0,0,0,29150,29569,58719
DARWIN,1989,8,15191,15492,30683,3867,4393,8260,19058,19885,38943
GOLD COAST,1989,8,25730,29179,54909,0,0,0,25730,29179,54909
HAMILTON ISLAND,1989,8,4809,4841,9650,0,0,0,4809,4841,9650
HOBART,1989,8,13295,14009,27304,547,547,1094,13842,14556,28398
KARRATHA,1989,8,4393,4479,8872,0,0,0,4393,4479,8872
LAUNCESTON,1989,8,11744,12329,24073,0,0,0,11744,12329,24073
MACKAY,1989,8,4956,5468,10424,0,0,0,4956,5468,10424
MELBOURNE,1989,8,168417,165846,334263,66257,66067,132324,234674,231913,466587
PERTH,1989,8,42778,42101,84879,33369,32338,65707,76147,74439,150586
ROCKHAMPTON,1989,8,10053,10228,20281,0,0,0,10053,10228,20281
SUNSHINE COAST,1989,8,1971,2194,4165,0,0,0,1971,2194,4165
SYDNEY,1989,8,208316,200173,408489,156757,169752,326509,365073,369925,734998
TOWNSVILLE,1989,8,21336,21805,43141,849,835,1684,22185,22640,44825
NEWCASTLE,1989,8,461,413,874,0,0,0,461,413,874
ADELAIDE,1989,9,27377,26068,53445,6895,6568,13463,34272,32636,66908
ALICE SPRINGS,1989,9,1005,1091,2096,0,0,0,1005,1091,2096
All Australian Airports,1989,9,364884,364884,729768,341728,341420,683148,706612,706304,1412916
BALLINA,1989,9,49,82,131,0,0,0,49,82,131
BRISBANE,1989,9,45219,44264,89483,43377,42769,86146,88596,87033,175629
CAIRNS,1989,9,10792,12658,23450,9944,8714,18658,20736,21372,42108
CANBERRA,1989,9,3989,3433,7422,0,0,0,3989,3433,7422
DARWIN,1989,9,2049,1863,3912,3913,4235,8148,5962,6098,12060
GOLD COAST,1989,9,2600,2308,4908,0,0,0,2600,2308,4908
HAMILTON ISLAND,1989,9,2388,1942,4330,0,0,0,2388,1942,4330
HOBART,1989,9,9321,7890,17211,756,606,1362,10077,8496,18573
KARRATHA,1989,9,1180,1295,2475,0,0,0,1180,1295,2475
LAUNCESTON,1989,9,6386,5244,11630,0,0,0,6386,5244,11630
MACKAY,1989,9,1625,1941,3566,0,0,0,1625,1941,3566
MELBOURNE,1989,9,69404,74203,143607,75949,71811,147760,145353,146014,291367
PERTH,1989,9,12925,12948,25873,36754,34230,70984,49679,47178,96857
ROCKHAMPTON,1989,9,1863,1939,3802,0,0,0,1863,1939,3802
SUNSHINE COAST,1989,9,65,34,99,0,0,0,65,34,99
SYDNEY,1989,9,98535,97931,196466,161771,169795,331566,260306,267726,528032
TOWNSVILLE,1989,9,6650,6590,13240,981,1145,2126,7631,7735,15366
NEWCASTLE,1989,9,546,486,1032,0,0,0,546,486,1032
ADELAIDE,1989,10,44006,42273,86279,8922,5202,14124,52928,47475,100403
ALICE SPRINGS,1989,10,3575,3593,7168,0,0,0,3575,3593,7168
All Australian Airports,1989,10,599969,599969,1199938,391321,292732,684053,991290,892701,1883991
BALLINA,1989,10,59,56,115,0,0,0,59,56,115
BRISBANE,1989,10,74972,79854,154826,43913,34949,78862,118885,114803,233688
CAIRNS,1989,10,14576,15952,30528,10510,8580,19090,25086,24532,49618
CANBERRA,1989,10,10468,9698,20166,0,0,0,10468,9698,20166
DARWIN,1989,10,4048,4662,8710,5093,4171,9264,9141,8833,17974
GOLD COAST,1989,10,7493,7684,15177,0,0,0,7493,7684,15177
HAMILTON ISLAND,1989,10,2549,3387,5936,0,0,0,2549,3387,5936
HOBART,1989,10,11466,10646,22112,722,641,1363,12188,11287,23475
KARRATHA,1989,10,4187,4227,8414,0,0,0,4187,4227,8414
LAUNCESTON,1989,10,5944,5752,11696,0,0,0,5944,5752,11696
MACKAY,1989,10,2975,2999,5974,0,0,0,2975,2999,5974
MELBOURNE,1989,10,126098,120697,246795,87884,58433,146317,213982,179130,393112
PERTH,1989,10,24992,25506,50498,40160,30411,70571,65152,55917,121069
ROCKHAMPTON,1989,10,3073,2878,5951,0,0,0,3073,2878,5951
SUNSHINE COAST,1989,10,523,585,1108,0,0,0,523,585,1108
SYDNEY,1989,10,173141,174213,347354,191845,148058,339903,364986,322271,687257
TOWNSVILLE,1989,10,8879,8956,17835,779,807,1586,9658,9763,19421
NEWCASTLE,1989,10,1037,1027,2064,0,0,0,1037,1027,2064
ADELAIDE,1989,11,59229,61244,120473,6981,6010,12991,66210,67254,133464
ALICE SPRINGS,1989,11,8355,8510,16865,0,0,0,8355,8510,16865
All Australian Airports,1989,11,764842,764842,1529684,343052,311100,654152,1107894,1075942,2183836
BALLINA,1989,11,91,99,190,0,0,0,91,99,190
BRISBANE,1989,11,95759,96082,191841,41975,37736,79711,137734,133818,271552
CAIRNS,1989,11,16333,16421,32754,8864,7824,16688,25197,24245,49442
CANBERRA,1989,11,20452,20179,40631,0,0,0,20452,20179,40631
DARWIN,1989,11,7400,7633,15033,3465,3379,6844,10865,11012,21877
GOLD COAST,1989,11,8988,10340,19328,0,0,0,8988,10340,19328
HAMILTON ISLAND,1989,11,2962,3235,6197,0,0,0,2962,3235,6197
HOBART,1989,11,14786,14398,29184,627,564,1191,15413,14962,30375
KARRATHA,1989,11,4446,4532,8978,0,0,0,4446,4532,8978
LAUNCESTON,1989,11,7798,7559,15357,0,0,0,7798,7559,15357
MACKAY,1989,11,3774,4025,7799,0,0,0,3774,4025,7799
MELBOURNE,1989,11,161861,162221,324082,72398,61775,134173,234259,223996,458255
PERTH,1989,11,37794,37778,75572,37292,32333,69625,75086,70111,145197
ROCKHAMPTON,1989,11,4393,4342,8735,0,0,0,4393,4342,8735
SUNSHINE COAST,1989,11,474,444,918,0,0,0,474,444,918
SYDNEY,1989,11,211959,208809,420768,169482,159500,328982,381441,368309,749750
TOWNSVILLE,1989,11,9084,8793,17877,682,658,1340,9766,9451,19217
NEWCASTLE,1989,11,1247,1238,2485,0,0,0,1247,1238,2485
ADELAIDE,1989,12,62974,63658,126632,7030,6865,13895,70004,70523,140527
ALICE SPRINGS,1989,12,13058,13440,26498,0,0,0,13058,13440,26498
All Australian Airports,1989,12,946235,946235,1892470,365371,411163,776534,1311606,1357398,2669004
BALLINA,1989,12,511,343,854,0,0,0,511,343,854
BRISBANE,1989,12,126008,118296,244304,50229,45944,96173,176237,164240,340477
CAIRNS,1989,12,21783,21469,43252,9725,8387,18112,31508,29856,61364
CANBERRA,1989,12,22526,23068,45594,0,0,0,22526,23068,45594
DARWIN,1989,12,9826,13020,22846,3423,5413,8836,13249,18433,31682
GOLD COAST,1989,12,26060,23958,50018,0,0,0,26060,23958,50018
HAMILTON ISLAND,1989,12,4028,3435,7463,0,0,0,4028,3435,7463
HOBART,1989,12,24326,17710,42036,821,843,1664,25147,18553,43700
KARRATHA,1989,12,4510,5248,9758,0,0,0,4510,5248,9758
LAUNCESTON,1989,12,13771,10310,24081,0,0,0,13771,10310,24081
MACKAY,1989,12,5181,4889,10070,0,0,0,5181,4889,10070
MELBOURNE,1989,12,185780,202052,387832,70414,84904,155318,256194,286956,543150
PERTH,1989,12,55020,49353,104373,38572,44452,83024,93592,93805,187397
ROCKHAMPTON,1989,12,6532,6472,13004,0,0,0,6532,6472,13004
SUNSHINE COAST,1989,12,1125,870,1995,0,0,0,1125,870,1995
SYDNEY,1989,12,244716,252590,497306,183193,212068,395261,427909,464658,892567
TOWNSVILLE,1989,12,10555,11572,22127,766,1062,1828,11321,12634,23955
NEWCASTLE,1989,12,1338,1384,2722,0,0,0,1338,1384,2722
ADELAIDE,1990,1,69021,69351,138372,8799,7675,16474,77820,77026,154846
ALICE SPRINGS,1990,1,18530,18348,36878,0,0,0,18530,18348,36878
All Australian Airports,1990,1,1108884,1108884,2217768,434987,370070,805057,1543871,1478954,3022825
BALLINA,1990,1,1254,1257,2511,0,0,0,1254,1257,2511
BRISBANE,1990,1,135464,143544,279008,53863,42294,96157,189327,185838,375165
CAIRNS,1990,1,24477,26896,51373,12292,10662,22954,36769,37558,74327
CANBERRA,1990,1,26727,24306,51033,0,0,0,26727,24306,51033
DARWIN,1990,1,14849,11886,26735,4995,3482,8477,19844,15368,35212
GOLD COAST,1990,1,33081,44420,77501,0,0,0,33081,44420,77501
HAMILTON ISLAND,1990,1,6785,8107,14892,0,0,0,6785,8107,14892
HOBART,1990,1,22917,29275,52192,763,1061,1824,23680,30336,54016
KARRATHA,1990,1,5438,5039,10477,0,0,0,5438,5039,10477
LAUNCESTON,1990,1,15810,19700,35510,0,0,0,15810,19700,35510
MACKAY,1990,1,4620,5042,9662,0,0,0,4620,5042,9662
MELBOURNE,1990,1,249668,232623,482291,90472,72160,162632,340140,304783,644923
PERTH,1990,1,56122,61664,117786,41545,38177,79722,97667,99841,197508
ROCKHAMPTON,1990,1,7167,7426,14593,0,0,0,7167,7426,14593
SUNSHINE COAST,1990,1,1472,1685,3157,0,0,0,1472,1685,3157
SYDNEY,1990,1,288367,269763,558130,220212,192281,412493,508579,462044,970623
TOWNSVILLE,1990,1,16614,15616,32230,899,775,1674,17513,16391,33904
NEWCASTLE,1990,1,1698,1601,3299,0,0,0,1698,1601,3299
ADELAIDE,1990,2,68815,68006,136821,7620,5683,13303,76435,73689,150124
ALICE SPRINGS,1990,2,18458,18362,36820,0,0,0,18458,18362,36820
All Australian Airports,1990,2,1015822,1015822,2031644,348203,294226,642429,1364025,1310048,2674073
BALLINA,1990,2,1489,1581,3070,0,0,0,1489,1581,3070
BRISBANE,1990,2,120176,120861,241037,40139,33847,73986,160315,154708,315023
CAIRNS,1990,2,21025,21597,42622,9530,8477,18007,30555,30074,60629
CANBERRA,1990,2,34883,36048,70931,0,0,0,34883,36048,70931
DARWIN,1990,2,10533,10398,20931,3574,2764,6338,14107,13162,27269
GOLD COAST,1990,2,25508,31088,56596,0,0,0,25508,31088,56596
HAMILTON ISLAND,1990,2,5321,5075,10396,0,0,0,5321,5075,10396
HOBART,1990,2,21543,19722,41265,1110,687,1797,22653,20409,43062
KARRATHA,1990,2,4664,4576,9240,0,0,0,4664,4576,9240
LAUNCESTON,1990,2,15526,13170,28696,0,0,0,15526,13170,28696
MACKAY,1990,2,4788,4932,9720,0,0,0,4788,4932,9720
MELBOURNE,1990,2,222621,221959,444580,75666,57293,132959,298287,279252,577539
PERTH,1990,2,49302,49846,99148,36608,27494,64102,85910,77340,163250
ROCKHAMPTON,1990,2,6550,6401,12951,0,0,0,6550,6401,12951
SUNSHINE COAST,1990,2,1930,1786,3716,0,0,0,1930,1786,3716
SYDNEY,1990,2,264297,263022,527319,172470,156774,329244,436767,419796,856563
TOWNSVILLE,1990,2,17247,17337,34584,701,611,1312,17948,17948,35896
NEWCASTLE,1990,2,1168,1109,2277,0,0,0,1168,1109,2277
ADELAIDE,1990,3,85099,86356,171455,7488,8255,15743,92587,94611,187198
ALICE SPRINGS,1990,3,24163,23835,47998,0,0,0,24163,23835,47998
All Australian Airports,1990,3,1187096,1187096,2374192,323246,351298,674544,1510342,1538394,3048736
BALLINA,1990,3,1681,1859,3540,0,0,0,1681,1859,3540
BRISBANE,1990,3,139995,140503,280498,42431,39361,81792,182426,179864,362290
CAIRNS,1990,3,26607,26584,53191,9951,10505,20456,36558,37089,73647
CANBERRA,1990,3,38072,39469,77541,0,0,0,38072,39469,77541
DARWIN,1990,3,12213,11830,24043,2936,3517,6453,15149,15347,30496
GOLD COAST,1990,3,29402,34961,64363,0,0,0,29402,34961,64363
HAMILTON ISLAND,1990,3,5944,6376,12320,0,0,0,5944,6376,12320
HOBART,1990,3,21737,23430,45167,925,782,1707,22662,24212,46874
KARRATHA,1990,3,5531,5512,11043,0,0,0,5531,5512,11043
LAUNCESTON,1990,3,18410,18783,37193,0,0,0,18410,18783,37193
MACKAY,1990,3,6379,6315,12694,0,0,0,6379,6315,12694
MELBOURNE,1990,3,257905,255296,513201,65664,70273,135937,323569,325569,649138
PERTH,1990,3,58211,58834,117045,33315,35236,68551,91526,94070,185596
ROCKHAMPTON,1990,3,8683,8821,17504,0,0,0,8683,8821,17504
SUNSHINE COAST,1990,3,2632,2515,5147,0,0,0,2632,2515,5147
SYDNEY,1990,3,303806,293095,596901,158688,181521,340209,462494,474616,937110
TOWNSVILLE,1990,3,20316,20687,41003,901,895,1796,21217,21582,42799
NEWCASTLE,1990,3,1777,1722,3499,0,0,0,1777,1722,3499
ADELAIDE,1990,4,85874,88842,174716,7428,8430,15858,93302,97272,190574
ALICE SPRINGS,1990,4,26850,26906,53756,0,0,0,26850,26906,53756
All Australian Airports,1990,4,1261914,1261914,2523828,335754,370333,706087,1597668,1632247,3229915
BALLINA,1990,4,2446,2252,4698,0,0,0,2446,2252,4698
BRISBANE,1990,4,153842,154161,308003,46000,41651,87651,199842,195812,395654
CAIRNS,1990,4,31248,30361,61609,9974,10280,20254,41222,40641,81863
CANBERRA,1990,4,39942,40339,80281,0,0,0,39942,40339,80281
DARWIN,1990,4,15168,14785,29953,3548,3864,7412,18716,18649,37365
GOLD COAST,1990,4,40436,45371,85807,0,0,0,40436,45371,85807
HAMILTON ISLAND,1990,4,6843,6913,13756,0,0,0,6843,6913,13756
HOBART,1990,4,23281,24216,47497,726,706,1432,24007,24922,48929
KARRATHA,1990,4,5876,5882,11758,0,0,0,5876,5882,11758
LAUNCESTON,1990,4,18767,20165,38932,0,0,0,18767,20165,38932
MACKAY,1990,4,6273,6523,12796,0,0,0,6273,6523,12796
MELBOURNE,1990,4,256770,254691,511461,65140,78832,143972,321910,333523,655433
PERTH,1990,4,61567,62673,124240,36039,37639,73678,97606,100312,197918
ROCKHAMPTON,1990,4,9033,8964,17997,0,0,0,9033,8964,17997
SUNSHINE COAST,1990,4,3843,3875,7718,0,0,0,3843,3875,7718
SYDNEY,1990,4,316148,305634,621782,165043,187010,352053,481191,492644,973835
TOWNSVILLE,1990,4,23459,23051,46510,769,815,1584,24228,23866,48094
NEWCASTLE,1990,4,1842,1851,3693,0,0,0,1842,1851,3693
ADELAIDE,1990,5,80495,82744,163239,5471,7577,13048,85966,90321,176287
ALICE SPRINGS,1990,5,25595,25826,51421,0,0,0,25595,25826,51421
All Australian Airports,1990,5,1166929,1166929,2333858,290503,331581,622084,1457432,1498510,2955942
BALLINA,1990,5,2095,1885,3980,0,0,0,2095,1885,3980
BRISBANE,1990,5,139201,139940,279141,40174,38713,78887,179375,178653,358028
CAIRNS,1990,5,26438,26536,52974,9794,10724,20518,36232,37260,73492
CANBERRA,1990,5,45379,46300,91679,0,0,0,45379,46300,91679
DARWIN,1990,5,16946,15866,32812,3015,3669,6684,19961,19535,39496
GOLD COAST,1990,5,29739,35434,65173,0,0,0,29739,35434,65173
HAMILTON ISLAND,1990,5,5129,5567,10696,0,0,0,5129,5567,10696
HOBART,1990,5,17709,21170,38879,513,619,1132,18222,21789,40011
KARRATHA,1990,5,5754,5761,11515,0,0,0,5754,5761,11515
LAUNCESTON,1990,5,11937,14565,26502,0,0,0,11937,14565,26502
MACKAY,1990,5,6210,6394,12604,0,0,0,6210,6394,12604
MELBOURNE,1990,5,241566,237944,479510,55647,68433,124080,297213,306377,603590
PERTH,1990,5,55370,56342,111712,28069,33292,61361,83439,89634,173073
ROCKHAMPTON,1990,5,8097,8188,16285,0,0,0,8097,8188,16285
SUNSHINE COAST,1990,5,2464,2361,4825,0,0,0,2464,2361,4825
SYDNEY,1990,5,299873,285942,585815,145880,166640,312520,445753,452582,898335
TOWNSVILLE,1990,5,22457,22076,44533,789,705,1494,23246,22781,46027
NEWCASTLE,1990,5,2088,2017,4105,0,0,0,2088,2017,4105
ADELAIDE,1990,6,77264,80700,157964,6392,7531,13923,83656,88231,171887
ALICE SPRINGS,1990,6,26460,26193,52653,0,0,0,26460,26193,52653
All Australian Airports,1990,6,1174963,1174963,2349926,306690,347626,654316,1481653,1522589,3004242
BALLINA,1990,6,2259,1831,4090,0,0,0,2259,1831,4090
BRISBANE,1990,6,152983,151933,304916,43619,39650,83269,196602,191583,388185
CAIRNS,1990,6,32577,30289,62866,11394,9505,20899,43971,39794,83765
CANBERRA,1990,6,40175,41901,82076,0,0,0,40175,41901,82076
DARWIN,1990,6,18837,18271,37108,3439,4908,8347,22276,23179,45455
GOLD COAST,1990,6,33238,37149,70387,0,0,0,33238,37149,70387
HAMILTON ISLAND,1990,6,5556,5517,11073,0,0,0,5556,5517,11073
HOBART,1990,6,19964,17877,37841,677,449,1126,20641,18326,38967
KARRATHA,1990,6,5577,5563,11140,0,0,0,5577,5563,11140
LAUNCESTON,1990,6,13856,12729,26585,0,0,0,13856,12729,26585
MACKAY,1990,6,6901,6886,13787,0,0,0,6901,6886,13787
MELBOURNE,1990,6,227157,229455,456612,59966,70358,130324,287123,299813,586936
PERTH,1990,6,52835,52818,105653,29971,35038,65009,82806,87856,170662
ROCKHAMPTON,1990,6,9958,9897,19855,0,0,0,9958,9897,19855
SUNSHINE COAST,1990,6,3062,2752,5814,0,0,0,3062,2752,5814
SYDNEY,1990,6,293428,292133,585561,149478,178272,327750,442906,470405,913311
TOWNSVILLE,1990,6,24832,24215,49047,890,924,1814,25722,25139,50861
NEWCASTLE,1990,6,1975,2089,4064,0,0,0,1975,2089,4064
ADELAIDE,1990,7,93245,92613,185858,8749,7164,15913,101994,99777,201771
ALICE SPRINGS,1990,7,36119,36846,72965,0,0,0,36119,36846,72965
All Australian Airports,1990,7,1358027,1358027,2716054,396377,351530,747907,1754404,1709557,3463961
BALLINA,1990,7,2522,1987,4509,0,0,0,2522,1987,4509
BRISBANE,1990,7,176764,174921,351685,52130,38284,90414,228894,213205,442099
CAIRNS,1990,7,42669,43052,85721,14120,11951,26071,56789,55003,111792
CANBERRA,1990,7,43832,42550,86382,0,0,0,43832,42550,86382
DARWIN,1990,7,23121,23731,46852,5800,4718,10518,28921,28449,57370
GOLD COAST,1990,7,41350,43354,84704,0,0,0,41350,43354,84704
HAMILTON ISLAND,1990,7,7248,7487,14735,0,0,0,7248,7487,14735
HOBART,1990,7,18882,20115,38997,677,419,1096,19559,20534,40093
KARRATHA,1990,7,7191,7276,14467,0,0,0,7191,7276,14467
LAUNCESTON,1990,7,13962,15145,29107,0,0,0,13962,15145,29107
MACKAY,1990,7,7008,7138,14146,0,0,0,7008,7138,14146
MELBOURNE,1990,7,259001,262747,521748,78753,77210,155963,337754,339957,677711
PERTH,1990,7,67358,67913,135271,39916,36946,76862,107274,104859,212133
ROCKHAMPTON,1990,7,11099,10892,21991,0,0,0,11099,10892,21991
SUNSHINE COAST,1990,7,3754,3554,7308,0,0,0,3754,3554,7308
SYDNEY,1990,7,331656,325634,657290,194169,172893,367062,525825,498527,1024352
TOWNSVILLE,1990,7,26227,26019,52246,897,817,1714,27124,26836,53960
NEWCASTLE,1990,7,2240,1819,4059,0,0,0,2240,1819,4059
ADELAIDE,1990,8,92572,91809,184381,7633,7886,15519,100205,99695,199900
ALICE SPRINGS,1990,8,32760,33185,65945,0,0,0,32760,33185,65945
All Australian Airports,1990,8,1304999,1304999,2609998,362706,365264,727970,1667705,1670263,3337968
BALLINA,1990,8,2367,1989,4356,0,0,0,2367,1989,4356
BRISBANE,1990,8,167021,167640,334661,47656,46384,94040,214677,214024,428701
CAIRNS,1990,8,40078,41202,81280,14118,13939,28057,54196,55141,109337
CANBERRA,1990,8,48909,49016,97925,0,0,0,48909,49016,97925
DARWIN,1990,8,19243,21251,40494,4412,4591,9003,23655,25842,49497
GOLD COAST,1990,8,36086,41289,77375,0,0,0,36086,41289,77375
HAMILTON ISLAND,1990,8,7007,6917,13924,0,0,0,7007,6917,13924
HOBART,1990,8,19285,19795,39080,562,508,1070,19847,20303,40150
KARRATHA,1990,8,6572,6565,13137,0,0,0,6572,6565,13137
LAUNCESTON,1990,8,13009,12944,25953,0,0,0,13009,12944,25953
MACKAY,1990,8,7207,7333,14540,0,0,0,7207,7333,14540
MELBOURNE,1990,8,251984,248588,500572,72685,70668,143353,324669,319256,643925
PERTH,1990,8,59432,60408,119840,36507,33963,70470,95939,94371,190310
ROCKHAMPTON,1990,8,11909,11964,23873,0,0,0,11909,11964,23873
SUNSHINE COAST,1990,8,3388,3333,6721,0,0,0,3388,3333,6721
SYDNEY,1990,8,320773,312627,633400,177258,185409,362667,498031,498036,996067
TOWNSVILLE,1990,8,25114,25604,50718,741,850,1591,25855,26454,52309
NEWCASTLE,1990,8,1839,1622,3461,0,0,0,1839,1622,3461
ADELAIDE,1990,9,93837,95260,189097,8297,7188,15485,102134,102448,204582
ALICE SPRINGS,1990,9,30630,29582,60212,0,0,0,30630,29582,60212
All Australian Airports,1990,9,1395204,1395204,2790408,365425,370343,735768,1760629,1765547,3526176
BALLINA,1990,9,2797,2282,5079,0,0,0,2797,2282,5079
BRISBANE,1990,9,181635,177395,359030,49066,50422,99488,230701,227817,458518
CAIRNS,1990,9,42043,39673,81716,12313,12653,24966,54356,52326,106682
CANBERRA,1990,9,47126,48493,95619,0,0,0,47126,48493,95619
DARWIN,1990,9,17497,18290,35787,3903,3844,7747,21400,22134,43534
GOLD COAST,1990,9,52712,51875,104587,0,0,0,52712,51875,104587
HAMILTON ISLAND,1990,9,9652,8695,18347,0,0,0,9652,8695,18347
HOBART,1990,9,25956,23045,49001,871,657,1528,26827,23702,50529
KARRATHA,1990,9,6424,6584,13008,0,0,0,6424,6584,13008
LAUNCESTON,1990,9,20584,18047,38631,0,0,0,20584,18047,38631
MACKAY,1990,9,9366,9095,18461,0,0,0,9366,9095,18461
MELBOURNE,1990,9,259156,268133,527289,77182,71180,148362,336338,339313,675651
PERTH,1990,9,65806,62882,128688,36038,35474,71512,101844,98356,200200
ROCKHAMPTON,1990,9,14637,14710,29347,0,0,0,14637,14710,29347
SUNSHINE COAST,1990,9,4618,4135,8753,0,0,0,4618,4135,8753
SYDNEY,1990,9,327935,337509,665444,175612,186414,362026,503547,523923,1027470
TOWNSVILLE,1990,9,24763,24646,49409,831,993,1824,25594,25639,51233
NEWCASTLE,1990,9,2284,2291,4575,0,0,0,2284,2291,4575
ADELAIDE,1990,10,112607,106180,218787,9307,5805,15112,121914,111985,233899
ALICE SPRINGS,1990,10,32031,33311,65342,0,0,0,32031,33311,65342
All Australian Airports,1990,10,1462192,1462192,2924384,415331,311123,726454,1877523,1773315,3650838
BALLINA,1990,10,2636,2234,4870,0,0,0,2636,2234,4870
BRISBANE,1990,10,175323,182375,357698,49571,39413,88984,224894,221788,446682
CAIRNS,1990,10,38494,41813,80307,13556,10585,24141,52050,52398,104448
CANBERRA,1990,10,50654,49311,99965,0,0,0,50654,49311,99965
DARWIN,1990,10,16336,18744,35080,4266,3162,7428,20602,21906,42508
GOLD COAST,1990,10,44037,56354,100391,0,0,0,44037,56354,100391
HAMILTON ISLAND,1990,10,9014,9647,18661,0,0,0,9014,9647,18661
HOBART,1990,10,23284,23815,47099,838,530,1368,24122,24345,48467
KARRATHA,1990,10,7187,7523,14710,0,0,0,7187,7523,14710
LAUNCESTON,1990,10,16509,16943,33452,0,0,0,16509,16943,33452
MACKAY,1990,10,8178,8924,17102,0,0,0,8178,8924,17102
MELBOURNE,1990,10,293686,282309,575995,93671,56184,149855,387357,338493,725850
PERTH,1990,10,72804,73486,146290,43147,30951,74098,115951,104437,220388
ROCKHAMPTON,1990,10,13530,13335,26865,0,0,0,13530,13335,26865
SUNSHINE COAST,1990,10,4048,4433,8481,0,0,0,4048,4433,8481
SYDNEY,1990,10,361797,349533,711330,199228,162770,361998,561025,512303,1073328
TOWNSVILLE,1990,10,21939,22436,44375,623,694,1317,22562,23130,45692
NEWCASTLE,1990,10,2882,2071,4953,0,0,0,2882,2071,4953
ADELAIDE,1990,11,99347,102733,202080,7845,7732,15577,107192,110465,217657
ALICE SPRINGS,1990,11,28545,29002,57547,0,0,0,28545,29002,57547
All Australian Airports,1990,11,1367879,1367879,2735758,350086,333334,683420,1717965,1701213,3419178
BALLINA,1990,11,2541,2169,4710,0,0,0,2541,2169,4710
BRISBANE,1990,11,162989,162559,325548,44294,40771,85065,207283,203330,410613
CAIRNS,1990,11,34725,35572,70297,13230,12737,25967,47955,48309,96264
CANBERRA,1990,11,50705,51156,101861,0,0,0,50705,51156,101861
DARWIN,1990,11,13917,14810,28727,4198,3683,7881,18115,18493,36608
GOLD COAST,1990,11,40605,47046,87651,0,0,0,40605,47046,87651
HAMILTON ISLAND,1990,11,9779,10099,19878,0,0,0,9779,10099,19878
HOBART,1990,11,23353,23173,46526,639,629,1268,23992,23802,47794
KARRATHA,1990,11,6296,6503,12799,0,0,0,6296,6503,12799
LAUNCESTON,1990,11,15305,16523,31828,0,0,0,15305,16523,31828
MACKAY,1990,11,8483,8825,17308,0,0,0,8483,8825,17308
MELBOURNE,1990,11,280146,277312,557458,69989,63915,133904,350135,341227,691362
PERTH,1990,11,65219,66264,131483,38343,33148,71491,103562,99412,202974
ROCKHAMPTON,1990,11,13279,13226,26505,0,0,0,13279,13226,26505
SUNSHINE COAST,1990,11,3767,3799,7566,0,0,0,3767,3799,7566
SYDNEY,1990,11,349811,336727,686538,169733,169206,338939,519544,505933,1025477
TOWNSVILLE,1990,11,16891,17142,34033,428,386,814,17319,17528,34847
NEWCASTLE,1990,11,2477,2329,4806,0,0,0,2477,2329,4806
ADELAIDE,1990,12,92354,92722,185076,7840,7602,15442,100194,100324,200518
ALICE SPRINGS,1990,12,27906,28613,56519,0,0,0,27906,28613,56519
All Australian Airports,1990,12,1396142,1396142,2792284,373740,422449,796189,1769882,1818591,3588473
BALLINA,1990,12,2751,2142,4893,0,0,0,2751,2142,4893
BRISBANE,1990,12,178058,167691,345749,53188,49816,103004,231246,217507,448753
CAIRNS,1990,12,33926,32758,66684,14458,12588,27046,48384,45346,93730
CANBERRA,1990,12,41439,43888,85327,0,0,0,41439,43888,85327
DARWIN,1990,12,14255,18040,32295,3139,4862,8001,17394,22902,40296
GOLD COAST,1990,12,55587,51794,107381,0,0,0,55587,51794,107381
HAMILTON ISLAND,1990,12,10739,9454,20193,0,0,0,10739,9454,20193
HOBART,1990,12,29418,23115,52533,862,885,1747,30280,24000,54280
KARRATHA,1990,12,5689,6677,12366,0,0,0,5689,6677,12366
LAUNCESTON,1990,12,21379,16087,37466,0,0,0,21379,16087,37466
MACKAY,1990,12,7674,7653,15327,0,0,0,7674,7653,15327
MELBOURNE,1990,12,276769,296171,572940,70887,84963,155850,347656,381134,728790
PERTH,1990,12,83978,77154,161132,39828,44132,83960,123806,121286,245092
ROCKHAMPTON,1990,12,13173,13434,26607,0,0,0,13173,13434,26607
SUNSHINE COAST,1990,12,4975,4017,8992,0,0,0,4975,4017,8992
SYDNEY,1990,12,345881,355754,701635,181594,215536,397130,527475,571290,1098765
TOWNSVILLE,1990,12,17343,19025,36368,491,680,1171,17834,19705,37539
NEWCASTLE,1990,12,2374,2207,4581,0,0,0,2374,2207,4581
ADELAIDE,1991,1,99743,101103,200846,10111,8467,18578,109854,109570,219424
ALICE SPRINGS,1991,1,33291,32793,66084,0,0,0,33291,32793,66084
All Australian Airports,1991,1,1487428,1487428,2974856,436936,366581,803517,1924364,1854009,3778373
BALLINA,1991,1,2428,2492,4920,0,0,0,2428,2492,4920
BRISBANE,1991,1,185075,188543,373618,54293,45554,99847,239368,234097,473465
CAIRNS,1991,1,40656,43143,83799,15375,15169,30544,56031,58312,114343
CANBERRA,1991,1,37567,34308,71875,0,0,0,37567,34308,71875
DARWIN,1991,1,18692,16304,34996,5024,3184,8208,23716,19488,43204
GOLD COAST,1991,1,54983,71613,126596,0,0,0,54983,71613,126596
HAMILTON ISLAND,1991,1,9048,11008,20056,0,0,0,9048,11008,20056
HOBART,1991,1,28864,36121,64985,804,793,1597,29668,36914,66582
KARRATHA,1991,1,6768,6001,12769,0,0,0,6768,6001,12769
LAUNCESTON,1991,1,22293,28243,50536,0,0,0,22293,28243,50536
MACKAY,1991,1,8216,9090,17306,0,0,0,8216,9090,17306
MELBOURNE,1991,1,318820,296463,615283,89025,68545,157570,407845,365008,772853
PERTH,1991,1,77284,85701,162985,42055,36059,78114,119339,121760,241099
ROCKHAMPTON,1991,1,6603,6338,12941,0,0,0,6603,6338,12941
SUNSHINE COAST,1991,1,4448,5401,9849,0,0,0,4448,5401,9849
SYDNEY,1991,1,375073,351444,726517,218519,186954,405473,593592,538398,1131990
TOWNSVILLE,1991,1,22049,21634,43683,669,416,1085,22718,22050,44768
NEWCASTLE,1991,1,2386,2180,4566,0,0,0,2386,2180,4566
ADELAIDE,1991,2,82877,81822,164699,7757,6561,14318,90634,88383,179017
ALICE SPRINGS,1991,2,23399,23239,46638,0,0,0,23399,23239,46638
All Australian Airports,1991,2,1197027,1197027,2394054,323487,294390,617877,1520514,1491417,3011931
BALLINA,1991,2,1684,1496,3180,0,0,0,1684,1496,3180
BRISBANE,1991,2,139664,136966,276630,40357,38497,78854,180021,175463,355484
CAIRNS,1991,2,28738,29549,58287,11649,10246,21895,40387,39795,80182
CANBERRA,1991,2,45765,46260,92025,0,0,0,45765,46260,92025
DARWIN,1991,2,11724,11162,22886,2882,2574,5456,14606,13736,28342
GOLD COAST,1991,2,35158,42412,77570,0,0,0,35158,42412,77570
HAMILTON ISLAND,1991,2,4917,5335,10252,0,0,0,4917,5335,10252
HOBART,1991,2,24138,22821,46959,994,650,1644,25132,23471,48603
KARRATHA,1991,2,5131,5231,10362,0,0,0,5131,5231,10362
LAUNCESTON,1991,2,16502,14606,31108,0,0,0,16502,14606,31108
MACKAY,1991,2,6027,6415,12442,0,0,0,6027,6415,12442
MELBOURNE,1991,2,256485,255507,511992,70101,57118,127219,326586,312625,639211
PERTH,1991,2,57484,59312,116796,33211,27533,60744,90695,86845,177540
ROCKHAMPTON,1991,2,10377,10379,20756,0,0,0,10377,10379,20756
SUNSHINE COAST,1991,2,2963,3164,6127,0,0,0,2963,3164,6127
SYDNEY,1991,2,307858,303404,611262,155028,149898,304926,462886,453302,916188
TOWNSVILLE,1991,2,18533,19140,37673,491,396,887,19024,19536,38560
NEWCASTLE,1991,2,2178,2156,4334,0,0,0,2178,2156,4334
ADELAIDE,1991,3,93814,92636,186450,7155,8125,15280,100969,100761,201730
ALICE SPRINGS,1991,3,28937,28622,57559,0,0,0,28937,28622,57559
All Australian Airports,1991,3,1364028,1364028,2728056,319028,348723,667751,1683056,1712751,3395807
BALLINA,1991,3,2402,1768,4170,0,0,0,2402,1768,4170
BRISBANE,1991,3,159973,160204,320177,44622,44346,88968,204595,204550,409145
CAIRNS,1991,3,35587,32916,68503,13679,13302,26981,49266,46218,95484
CANBERRA,1991,3,48315,49817,98132,0,0,0,48315,49817,98132
DARWIN,1991,3,12694,12717,25411,2734,3279,6013,15428,15996,31424
GOLD COAST,1991,3,43266,44446,87712,0,0,0,43266,44446,87712
HAMILTON ISLAND,1991,3,6548,5489,12037,0,0,0,6548,5489,12037
HOBART,1991,3,24671,25223,49894,934,911,1845,25605,26134,51739
KARRATHA,1991,3,5953,6078,12031,0,0,0,5953,6078,12031
LAUNCESTON,1991,3,19162,19588,38750,0,0,0,19162,19588,38750
MACKAY,1991,3,6926,6935,13861,0,0,0,6926,6935,13861
MELBOURNE,1991,3,283400,288123,571523,63964,68351,132315,347364,356474,703838
PERTH,1991,3,71628,70769,142397,30812,31796,62608,102440,102565,205005
ROCKHAMPTON,1991,3,11612,11537,23149,0,0,0,11612,11537,23149
SUNSHINE COAST,1991,3,3908,3486,7394,0,0,0,3908,3486,7394
SYDNEY,1991,3,346230,347071,693301,153643,177084,330727,499873,524155,1024028
TOWNSVILLE,1991,3,18794,18883,37677,461,447,908,19255,19330,38585
NEWCASTLE,1991,3,2662,2675,5337,0,0,0,2662,2675,5337
ADELAIDE,1991,4,95589,99085,194674,6806,8661,15467,102395,107746,210141
ALICE SPRINGS,1991,4,29657,30022,59679,0,0,0,29657,30022,59679
All Australian Airports,1991,4,1424785,1424785,2849570,300563,320391,620954,1725348,1745176,3470524
BALLINA,1991,4,2263,2113,4376,0,0,0,2263,2113,4376
BRISBANE,1991,4,176372,177452,353824,40813,38994,79807,217185,216446,433631
CAIRNS,1991,4,41733,41361,83094,12855,12348,25203,54588,53709,108297
CANBERRA,1991,4,48529,47275,95804,0,0,0,48529,47275,95804
DARWIN,1991,4,15325,14626,29951,2871,3337,6208,18196,17963,36159
GOLD COAST,1991,4,37473,45184,82657,0,0,0,37473,45184,82657
HAMILTON ISLAND,1991,4,6682,7654,14336,0,0,0,6682,7654,14336
HOBART,1991,4,24283,26723,51006,410,335,745,24693,27058,51751
KARRATHA,1991,4,6668,6575,13243,0,0,0,6668,6575,13243
LAUNCESTON,1991,4,17185,19586,36771,0,0,0,17185,19586,36771
MACKAY,1991,4,6993,7066,14059,0,0,0,6993,7066,14059
MELBOURNE,1991,4,300786,294709,595495,57912,67020,124932,358698,361729,720427
PERTH,1991,4,73059,76308,149367,32339,35004,67343,105398,111312,216710
ROCKHAMPTON,1991,4,12384,12122,24506,0,0,0,12384,12122,24506
SUNSHINE COAST,1991,4,3984,4426,8410,0,0,0,3984,4426,8410
SYDNEY,1991,4,366334,349934,716268,145438,153521,298959,511772,503455,1015227
TOWNSVILLE,1991,4,18443,17866,36309,0,0,0,18443,17866,36309
NEWCASTLE,1991,4,2668,2607,5275,0,0,0,2668,2607,5275
ADELAIDE,1991,5,91931,93739,185670,5375,7596,12971,97306,101335,198641
ALICE SPRINGS,1991,5,27766,28325,56091,0,0,0,27766,28325,56091
All Australian Airports,1991,5,1352652,1352652,2705304,289444,326351,615795,1642096,1679003,3321099
BALLINA,1991,5,1843,2014,3857,0,0,0,1843,2014,3857
BRISBANE,1991,5,175459,173319,348778,40996,42169,83165,216455,215488,431943
CAIRNS,1991,5,44000,41967,85967,15329,15171,30500,59329,57138,116467
CANBERRA,1991,5,52394,53065,105459,0,0,0,52394,53065,105459
DARWIN,1991,5,16341,15686,32027,3225,3996,7221,19566,19682,39248
GOLD COAST,1991,5,32436,35584,68020,0,0,0,32436,35584,68020
HAMILTON ISLAND,1991,5,5295,5622,10917,0,0,0,5295,5622,10917
HOBART,1991,5,19743,21997,41740,335,400,735,20078,22397,42475
KARRATHA,1991,5,6756,6988,13744,0,0,0,6756,6988,13744
LAUNCESTON,1991,5,12175,14511,26686,0,0,0,12175,14511,26686
MACKAY,1991,5,7270,7243,14513,0,0,0,7270,7243,14513
MELBOURNE,1991,5,276844,275546,552390,55471,66984,122455,332315,342530,674845
PERTH,1991,5,67597,67510,135107,28437,30475,58912,96034,97985,194019
ROCKHAMPTON,1991,5,12075,12411,24486,0,0,0,12075,12411,24486
SUNSHINE COAST,1991,5,2845,2790,5635,0,0,0,2845,2790,5635
SYDNEY,1991,5,348943,341518,690461,139321,158530,297851,488264,500048,988312
TOWNSVILLE,1991,5,18889,18898,37787,0,0,0,18889,18898,37787
NEWCASTLE,1991,5,2289,2133,4422,0,0,0,2289,2133,4422
ADELAIDE,1991,6,89049,89622,178671,7166,8046,15212,96215,97668,193883
ALICE SPRINGS,1991,6,25372,25606,50978,0,0,0,25372,25606,50978
All Australian Airports,1991,6,1426404,1426404,2852808,324042,356867,680909,1750446,1783271,3533717
BALLINA,1991,6,2062,2155,4217,0,0,0,2062,2155,4217
BRISBANE,1991,6,200214,199780,399994,55148,51339,106487,255362,251119,506481
CAIRNS,1991,6,59368,54417,113785,20061,17128,37189,79429,71545,150974
CANBERRA,1991,6,45987,48036,94023,0,0,0,45987,48036,94023
DARWIN,1991,6,19778,19140,38918,3632,4903,8535,23410,24043,47453
GOLD COAST,1991,6,42153,42849,85002,0,0,0,42153,42849,85002
HAMILTON ISLAND,1991,6,8024,7336,15360,0,0,0,8024,7336,15360
HOBART,1991,6,24079,22840,46919,513,373,886,24592,23213,47805
KARRATHA,1991,6,6567,6352,12919,0,0,0,6567,6352,12919
LAUNCESTON,1991,6,14549,14371,28920,0,0,0,14549,14371,28920
MACKAY,1991,6,7371,7134,14505,0,0,0,7371,7134,14505
MELBOURNE,1991,6,282274,284071,566345,57792,67725,125517,340066,351796,691862
PERTH,1991,6,66745,69031,135776,31795,34782,66577,98540,103813,202353
ROCKHAMPTON,1991,6,12677,12379,25056,0,0,0,12677,12379,25056
SUNSHINE COAST,1991,6,3861,3286,7147,0,0,0,3861,3286,7147
SYDNEY,1991,6,357626,363637,721263,146938,171573,318511,504564,535210,1039774
TOWNSVILLE,1991,6,20642,19604,40246,0,0,0,20642,19604,40246
NEWCASTLE,1991,6,1937,1946,3883,0,0,0,1937,1946,3883
ADELAIDE,1991,7,115033,116684,231717,9047,8858,17905,124080,125542,249622
ALICE SPRINGS,1991,7,33963,33788,67751,0,0,0,33963,33788,67751
All Australian Airports,1991,7,1760937,1760937,3521874,409725,364182,773907,2170662,2125119,4295781
BALLINA,1991,7,2128,2369,4497,0,0,0,2128,2369,4497
BRISBANE,1991,7,242298,237842,480140,58655,50423,109078,300953,288265,589218
CAIRNS,1991,7,68911,67302,136213,19918,18339,38257,88829,85641,174470
CANBERRA,1991,7,57397,56661,114058,0,0,0,57397,56661,114058
DARWIN,1991,7,25703,25632,51335,5772,4439,10211,31475,30071,61546
GOLD COAST,1991,7,59008,59417,118425,0,0,0,59008,59417,118425
HAMILTON ISLAND,1991,7,10363,10824,21187,0,0,0,10363,10824,21187
HOBART,1991,7,23030,24239,47269,342,353,695,23372,24592,47964
KARRATHA,1991,7,7474,7438,14912,0,0,0,7474,7438,14912
LAUNCESTON,1991,7,15049,15396,30445,0,0,0,15049,15396,30445
MACKAY,1991,7,8756,8935,17691,0,0,0,8756,8935,17691
MELBOURNE,1991,7,358126,362485,720611,79325,75800,155125,437451,438285,875736
PERTH,1991,7,91807,92957,184764,35465,33082,68547,127272,126039,253311
ROCKHAMPTON,1991,7,14053,14148,28201,0,0,0,14053,14148,28201
SUNSHINE COAST,1991,7,4151,4086,8237,0,0,0,4151,4086,8237
SYDNEY,1991,7,452055,448811,900866,200198,171827,372025,652253,620638,1272891
TOWNSVILLE,1991,7,22673,22330,45003,0,0,0,22673,22330,45003
NEWCASTLE,1991,7,2222,2121,4343,0,0,0,2222,2121,4343
ADELAIDE,1991,8,114883,113590,228473,8228,7673,15901,123111,121263,244374
ALICE SPRINGS,1991,8,33172,33544,66716,0,0,0,33172,33544,66716
All Australian Airports,1991,8,1709216,1709216,3418432,371301,375371,746672,2080517,2084587,4165104
BALLINA,1991,8,1890,1988,3878,0,0,0,1890,1988,3878
BRISBANE,1991,8,232796,231745,464541,54421,55376,109797,287217,287121,574338
CAIRNS,1991,8,66319,66922,133241,16961,18079,35040,83280,85001,168281
CANBERRA,1991,8,56792,57663,114455,0,0,0,56792,57663,114455
DARWIN,1991,8,21189,23323,44512,4088,4601,8689,25277,27924,53201
GOLD COAST,1991,8,54732,57805,112537,0,0,0,54732,57805,112537
HAMILTON ISLAND,1991,8,8887,8675,17562,0,0,0,8887,8675,17562
HOBART,1991,8,23111,24643,47754,426,450,876,23537,25093,48630
KARRATHA,1991,8,6225,6600,12825,0,0,0,6225,6600,12825
LAUNCESTON,1991,8,14157,15121,29278,0,0,0,14157,15121,29278
MACKAY,1991,8,8041,8619,16660,0,0,0,8041,8619,16660
MELBOURNE,1991,8,350358,346423,696781,73368,68621,141989,423726,415044,838770
PERTH,1991,8,89068,88094,177162,31836,30692,62528,120904,118786,239690
ROCKHAMPTON,1991,8,12570,12852,25422,0,0,0,12570,12852,25422
SUNSHINE COAST,1991,8,4066,3976,8042,0,0,0,4066,3976,8042
SYDNEY,1991,8,446204,440293,886497,181031,188995,370026,627235,629288,1256523
TOWNSVILLE,1991,8,22059,22875,44934,0,0,0,22059,22875,44934
NEWCASTLE,1991,8,1897,1850,3747,0,0,0,1897,1850,3747
ADELAIDE,1991,9,128684,128321,257005,8573,7961,16534,137257,136282,273539
ALICE SPRINGS,1991,9,31090,30616,61706,0,0,0,31090,30616,61706
All Australian Airports,1991,9,1870074,1870074,3740148,378629,382911,761540,2248703,2252985,4501688
BALLINA,1991,9,2111,2249,4360,0,0,0,2111,2249,4360
BRISBANE,1991,9,258957,254605,513562,56516,56101,112617,315473,310706,626179
CAIRNS,1991,9,68985,66956,135941,16527,15898,32425,85512,82854,168366
CANBERRA,1991,9,59583,60793,120376,0,0,0,59583,60793,120376
DARWIN,1991,9,19561,21143,40704,3779,3822,7601,23340,24965,48305
GOLD COAST,1991,9,65061,64946,130007,0,0,0,65061,64946,130007
HAMILTON ISLAND,1991,9,10979,10231,21210,0,0,0,10979,10231,21210
HOBART,1991,9,30644,26230,56874,348,386,734,30992,26616,57608
KARRATHA,1991,9,7115,7432,14547,0,0,0,7115,7432,14547
LAUNCESTON,1991,9,19643,17073,36716,0,0,0,19643,17073,36716
MACKAY,1991,9,9257,9034,18291,0,0,0,9257,9034,18291
MELBOURNE,1991,9,378906,398777,777683,74725,73459,148184,453631,472236,925867
PERTH,1991,9,106341,103782,210123,35493,32439,67932,141834,136221,278055
ROCKHAMPTON,1991,9,13244,13075,26319,0,0,0,13244,13075,26319
SUNSHINE COAST,1991,9,5161,4428,9589,0,0,0,5161,4428,9589
SYDNEY,1991,9,480970,479211,960181,181438,191422,372860,662408,670633,1333041
TOWNSVILLE,1991,9,22764,23030,45794,0,0,0,22764,23030,45794
NEWCASTLE,1991,9,2162,2156,4318,0,0,0,2162,2156,4318
ADELAIDE,1991,10,146266,136495,282761,11096,7035,18131,157362,143530,300892
ALICE SPRINGS,1991,10,32103,32730,64833,0,0,0,32103,32730,64833
All Australian Airports,1991,10,1950933,1950933,3901866,435723,353070,788793,2386656,2304003,4690659
BALLINA,1991,10,2733,2760,5493,0,0,0,2733,2760,5493
BRISBANE,1991,10,256845,261854,518699,59201,53587,112788,316046,315441,631487
CAIRNS,1991,10,65144,71599,136743,16476,14836,31312,81620,86435,168055
CANBERRA,1991,10,63716,62408,126124,0,0,0,63716,62408,126124
DARWIN,1991,10,18163,21046,39209,4182,3035,7217,22345,24081,46426
GOLD COAST,1991,10,63452,73995,137447,0,0,0,63452,73995,137447
HAMILTON ISLAND,1991,10,11688,12714,24402,0,0,0,11688,12714,24402
HOBART,1991,10,28959,29873,58832,277,187,464,29236,30060,59296
KARRATHA,1991,10,7476,7666,15142,0,0,0,7476,7666,15142
LAUNCESTON,1991,10,18750,19392,38142,0,0,0,18750,19392,38142
MACKAY,1991,10,8781,9426,18207,0,0,0,8781,9426,18207
MELBOURNE,1991,10,408976,390607,799583,93847,65872,159719,502823,456479,959302
PERTH,1991,10,108564,110921,219485,42364,30995,73359,150928,141916,292844
ROCKHAMPTON,1991,10,13560,13962,27522,0,0,0,13560,13962,27522
SUNSHINE COAST,1991,10,4703,5592,10295,0,0,0,4703,5592,10295
SYDNEY,1991,10,511519,503820,1015339,207024,176269,383293,718543,680089,1398632
TOWNSVILLE,1991,10,21174,21929,43103,0,0,0,21174,21929,43103
NEWCASTLE,1991,10,2320,2185,4505,0,0,0,2320,2185,4505
ADELAIDE,1991,11,130156,136690,266846,8315,7736,16051,138471,144426,282897
ALICE SPRINGS,1991,11,29043,29263,58306,0,0,0,29043,29263,58306
All Australian Airports,1991,11,1820650,1820650,3641300,381203,378711,759914,2201853,2199361,4401214
BALLINA,1991,11,2693,2741,5434,0,0,0,2693,2741,5434
BRISBANE,1991,11,238661,234970,473631,54615,53850,108465,293276,288820,582096
CAIRNS,1991,11,56021,57815,113836,16970,16343,33313,72991,74158,147149
CANBERRA,1991,11,60724,61011,121735,0,0,0,60724,61011,121735
DARWIN,1991,11,16272,17203,33475,3355,3296,6651,19627,20499,40126
GOLD COAST,1991,11,57440,63692,121132,0,0,0,57440,63692,121132
HAMILTON ISLAND,1991,11,10987,10866,21853,0,0,0,10987,10866,21853
HOBART,1991,11,27170,26950,54120,393,421,814,27563,27371,54934
KARRATHA,1991,11,6759,6987,13746,0,0,0,6759,6987,13746
LAUNCESTON,1991,11,18855,19028,37883,0,0,0,18855,19028,37883
MACKAY,1991,11,7930,8238,16168,0,0,0,7930,8238,16168
MELBOURNE,1991,11,388756,384278,773034,76872,75004,151876,465628,459282,924910
PERTH,1991,11,93236,95377,188613,38439,35873,74312,131675,131250,262925
ROCKHAMPTON,1991,11,11741,11572,23313,0,0,0,11741,11572,23313
SUNSHINE COAST,1991,11,4933,5052,9985,0,0,0,4933,5052,9985
SYDNEY,1991,11,494133,479466,973599,180996,185032,366028,675129,664498,1339627
TOWNSVILLE,1991,11,18455,19863,38318,0,0,0,18455,19863,38318
NEWCASTLE,1991,11,2257,2131,4388,0,0,0,2257,2131,4388
ADELAIDE,1991,12,124308,127896,252204,7331,8405,15736,131639,136301,267940
ALICE SPRINGS,1991,12,27513,28474,55987,0,0,0,27513,28474,55987
All Australian Airports,1991,12,1841607,1841607,3683214,383963,430985,814948,2225570,2272592,4498162
BALLINA,1991,12,3237,2865,6102,0,0,0,3237,2865,6102
BRISBANE,1991,12,250528,239134,489662,56899,55398,112297,307427,294532,601959
CAIRNS,1991,12,54741,53287,108028,20595,16720,37315,75336,70007,145343
CANBERRA,1991,12,51999,55414,107413,0,0,0,51999,55414,107413
DARWIN,1991,12,17194,22142,39336,2844,4371,7215,20038,26513,46551
GOLD COAST,1991,12,74231,72056,146287,0,0,0,74231,72056,146287
HAMILTON ISLAND,1991,12,11416,9518,20934,0,0,0,11416,9518,20934
HOBART,1991,12,35584,29501,65085,409,321,730,35993,29822,65815
KARRATHA,1991,12,6109,7064,13173,0,0,0,6109,7064,13173
LAUNCESTON,1991,12,25516,20401,45917,0,0,0,25516,20401,45917
MACKAY,1991,12,8371,8373,16744,0,0,0,8371,8373,16744
MELBOURNE,1991,12,371445,387341,758786,71806,85159,156965,443251,472500,915751
PERTH,1991,12,114034,106117,220151,39857,43339,83196,153891,149456,303347
ROCKHAMPTON,1991,12,11974,11864,23838,0,0,0,11974,11864,23838
SUNSHINE COAST,1991,12,6173,5140,11313,0,0,0,6173,5140,11313
SYDNEY,1991,12,480516,489293,969809,183277,216316,399593,663793,705609,1369402
TOWNSVILLE,1991,12,19949,21963,41912,0,0,0,19949,21963,41912
NEWCASTLE,1991,12,2253,2255,4508,0,0,0,2253,2255,4508
ADELAIDE,1992,1,117375,117318,234693,9464,8109,17573,126839,125427,252266
ALICE SPRINGS,1992,1,30041,29481,59522,0,0,0,30041,29481,59522
All Australian Airports,1992,1,1806414,1806414,3612828,452237,384720,836957,2258651,2191134,4449785
BALLINA,1992,1,3153,3400,6553,0,0,0,3153,3400,6553
BRISBANE,1992,1,233123,234442,467565,59158,51076,110234,292281,285518,577799
CAIRNS,1992,1,51382,56059,107441,19595,18815,38410,70977,74874,145851
CANBERRA,1992,1,45472,41923,87395,0,0,0,45472,41923,87395
DARWIN,1992,1,21949,18292,40241,4445,2754,7199,26394,21046,47440
GOLD COAST,1992,1,75749,96841,172590,0,0,0,75749,96841,172590
HAMILTON ISLAND,1992,1,8997,11594,20591,0,0,0,8997,11594,20591
HOBART,1992,1,33814,42790,76604,343,492,835,34157,43282,77439
KARRATHA,1992,1,7458,6452,13910,0,0,0,7458,6452,13910
LAUNCESTON,1992,1,25579,31457,57036,0,0,0,25579,31457,57036
MACKAY,1992,1,7773,8316,16089,0,0,0,7773,8316,16089
MELBOURNE,1992,1,384429,360210,744639,89736,71659,161395,474165,431869,906034
PERTH,1992,1,103459,112534,215993,41898,35561,77459,145357,148095,293452
ROCKHAMPTON,1992,1,13201,12908,26109,0,0,0,13201,12908,26109
SUNSHINE COAST,1992,1,7088,8232,15320,0,0,0,7088,8232,15320
SYDNEY,1992,1,477002,452237,929239,226755,195191,421946,703757,647428,1351185
TOWNSVILLE,1992,1,19344,17882,37226,0,0,0,19344,17882,37226
NEWCASTLE,1992,1,2102,1948,4050,0,0,0,2102,1948,4050
ADELAIDE,1992,2,100446,98822,199268,8648,6261,14909,109094,105083,214177
ALICE SPRINGS,1992,2,26334,26047,52381,0,0,0,26334,26047,52381
All Australian Airports,1992,2,1480280,1480280,2960560,380351,342690,723041,1860631,1822970,3683601
BALLINA,1992,2,2617,2716,5333,0,0,0,2617,2716,5333
BRISBANE,1992,2,181313,178822,360135,51063,49800,100863,232376,228622,460998
CAIRNS,1992,2,39161,40176,79337,16197,14747,30944,55358,54923,110281
CANBERRA,1992,2,54511,54315,108826,0,0,0,54511,54315,108826
DARWIN,1992,2,15934,15443,31377,2981,2436,5417,18915,17879,36794
GOLD COAST,1992,2,50779,58970,109749,0,0,0,50779,58970,109749
HAMILTON ISLAND,1992,2,7399,7526,14925,0,0,0,7399,7526,14925
HOBART,1992,2,28481,26863,55344,512,440,952,28993,27303,56296
KARRATHA,1992,2,6403,6431,12834,0,0,0,6403,6431,12834
LAUNCESTON,1992,2,20354,18524,38878,0,0,0,20354,18524,38878
MACKAY,1992,2,6731,7049,13780,0,0,0,6731,7049,13780
MELBOURNE,1992,2,311231,309868,621099,78510,63849,142359,389741,373717,763458
PERTH,1992,2,73579,76257,149836,38161,31105,69266,111740,107362,219102
ROCKHAMPTON,1992,2,11025,11220,22245,0,0,0,11025,11220,22245
SUNSHINE COAST,1992,2,4744,5041,9785,0,0,0,4744,5041,9785
SYDNEY,1992,2,392855,389579,782434,183467,173275,356742,576322,562854,1139176
TOWNSVILLE,1992,2,16213,16007,32220,0,0,0,16213,16007,32220
NEWCASTLE,1992,2,1882,1854,3736,0,0,0,1882,1854,3736
ADELAIDE,1992,3,109548,112100,221648,7441,8565,16006,116989,120665,237654
ALICE SPRINGS,1992,3,28666,29007,57673,0,0,0,28666,29007,57673
All Australian Airports,1992,3,1578324,1578324,3156648,343875,376487,720362,1922199,1954811,3877010
BALLINA,1992,3,2724,2641,5365,0,0,0,2724,2641,5365
BRISBANE,1992,3,189546,187415,376961,50629,49069,99698,240175,236484,476659
CAIRNS,1992,3,46292,43977,90269,16689,17098,33787,62981,61075,124056
CANBERRA,1992,3,58274,58223,116497,0,0,0,58274,58223,116497
DARWIN,1992,3,16806,15997,32803,2461,2770,5231,19267,18767,38034
GOLD COAST,1992,3,53390,59115,112505,0,0,0,53390,59115,112505
HAMILTON ISLAND,1992,3,8526,8509,17035,0,0,0,8526,8509,17035
HOBART,1992,3,26289,28160,54449,402,394,796,26691,28554,55245
KARRATHA,1992,3,7184,6724,13908,0,0,0,7184,6724,13908
LAUNCESTON,1992,3,19873,20592,40465,0,0,0,19873,20592,40465
MACKAY,1992,3,7551,7637,15188,0,0,0,7551,7637,15188
MELBOURNE,1992,3,331194,332643,663837,64662,74641,139303,395856,407284,803140
PERTH,1992,3,80815,81588,162403,33724,36025,69749,114539,117613,232152
ROCKHAMPTON,1992,3,11467,11455,22922,0,0,0,11467,11455,22922
SUNSHINE COAST,1992,3,4940,4967,9907,0,0,0,4940,4967,9907
SYDNEY,1992,3,414258,407999,822257,166948,187040,353988,581206,595039,1176245
TOWNSVILLE,1992,3,17029,16373,33402,0,0,0,17029,16373,33402
NEWCASTLE,1992,3,2050,2143,4193,0,0,0,2050,2143,4193
ADELAIDE,1992,4,110178,112895,223073,7219,9252,16471,117397,122147,239544
ALICE SPRINGS,1992,4,30108,30309,60417,0,0,0,30108,30309,60417
All Australian Airports,1992,4,1659060,1659060,3318120,358914,390167,749081,2017974,2049227,4067201
BALLINA,1992,4,2948,2964,5912,0,0,0,2948,2964,5912
BRISBANE,1992,4,214319,212303,426622,50413,48707,99120,264732,261010,525742
CAIRNS,1992,4,52714,54219,106933,20165,17392,37557,72879,71611,144490
CANBERRA,1992,4,58435,60275,118710,0,0,0,58435,60275,118710
DARWIN,1992,4,19728,20505,40233,3422,3552,6974,23150,24057,47207
GOLD COAST,1992,4,60097,66684,126781,0,0,0,60097,66684,126781
HAMILTON ISLAND,1992,4,8605,8678,17283,0,0,0,8605,8678,17283
HOBART,1992,4,28179,29706,57885,394,389,783,28573,30095,58668
KARRATHA,1992,4,7055,7466,14521,0,0,0,7055,7466,14521
LAUNCESTON,1992,4,19002,20396,39398,0,0,0,19002,20396,39398
MACKAY,1992,4,8984,8936,17920,0,0,0,8984,8936,17920
MELBOURNE,1992,4,333598,330888,664486,64692,75470,140162,398290,406358,804648
PERTH,1992,4,84691,84798,169489,36156,37305,73461,120847,122103,242950
ROCKHAMPTON,1992,4,13025,13039,26064,0,0,0,13025,13039,26064
SUNSHINE COAST,1992,4,6382,6543,12925,0,0,0,6382,6543,12925
SYDNEY,1992,4,426139,412806,838945,175499,197131,372630,601638,609937,1211575
TOWNSVILLE,1992,4,19559,19575,39134,0,0,0,19559,19575,39134
NEWCASTLE,1992,4,2469,2558,5027,0,0,0,2469,2558,5027
ADELAIDE,1992,5,106035,106886,212921,5971,7988,13959,112006,114874,226880
ALICE SPRINGS,1992,5,28405,29276,57681,0,0,0,28405,29276,57681
All Australian Airports,1992,5,1532455,1532455,3064910,320192,363908,684100,1852647,1896363,3749010
BALLINA,1992,5,2717,2486,5203,0,0,0,2717,2486,5203
BRISBANE,1992,5,196870,193493,390363,48666,47417,96083,245536,240910,486446
CAIRNS,1992,5,45452,45535,90987,22048,19384,41432,67500,64919,132419
CANBERRA,1992,5,59002,60368,119370,0,0,0,59002,60368,119370
DARWIN,1992,5,19251,18470,37721,3229,3679,6908,22480,22149,44629
GOLD COAST,1992,5,48007,54038,102045,0,0,0,48007,54038,102045
HAMILTON ISLAND,1992,5,6818,7272,14090,0,0,0,6818,7272,14090
HOBART,1992,5,23983,27294,51277,428,416,844,24411,27710,52121
KARRATHA,1992,5,7550,7412,14962,0,0,0,7550,7412,14962
LAUNCESTON,1992,5,15322,17662,32984,0,0,0,15322,17662,32984
MACKAY,1992,5,8792,8878,17670,0,0,0,8792,8878,17670
MELBOURNE,1992,5,311558,308670,620228,58989,69821,128810,370547,378491,749038
PERTH,1992,5,73570,74958,148528,25823,31782,57605,99393,106740,206133
ROCKHAMPTON,1992,5,12220,12221,24441,0,0,0,12220,12221,24441
SUNSHINE COAST,1992,5,5350,5260,10610,0,0,0,5350,5260,10610
SYDNEY,1992,5,399825,388390,788215,153996,182277,336273,553821,570667,1124488
TOWNSVILLE,1992,5,20197,19914,40111,0,0,0,20197,19914,40111
NEWCASTLE,1992,5,2533,2532,5065,0,0,0,2533,2532,5065
ADELAIDE,1992,6,100191,101491,201682,6921,7561,14482,107112,109052,216164
ALICE SPRINGS,1992,6,27315,27474,54789,0,0,0,27315,27474,54789
All Australian Airports,1992,6,1515243,1515243,3030486,322929,360645,683574,1838172,1875888,3714060
BALLINA,1992,6,2542,2360,4902,0,0,0,2542,2360,4902
BRISBANE,1992,6,203811,204103,407914,52798,50210,103008,256609,254313,510922
CAIRNS,1992,6,51390,49820,101210,25235,20797,46032,76625,70617,147242
CANBERRA,1992,6,52183,53685,105868,0,0,0,52183,53685,105868
DARWIN,1992,6,21899,21806,43705,3671,4908,8579,25570,26714,52284
GOLD COAST,1992,6,50457,54968,105425,0,0,0,50457,54968,105425
HAMILTON ISLAND,1992,6,6837,6538,13375,0,0,0,6837,6538,13375
HOBART,1992,6,25122,23862,48984,314,186,500,25436,24048,49484
KARRATHA,1992,6,7695,7704,15399,0,0,0,7695,7704,15399
LAUNCESTON,1992,6,15505,14905,30410,0,0,0,15505,14905,30410
MACKAY,1992,6,8668,8197,16865,0,0,0,8668,8197,16865
MELBOURNE,1992,6,297965,303661,601626,59390,68350,127740,357355,372011,729366
PERTH,1992,6,69499,69826,139325,29346,33795,63141,98845,103621,202466
ROCKHAMPTON,1992,6,12283,12229,24512,0,0,0,12283,12229,24512
SUNSHINE COAST,1992,6,5347,5114,10461,0,0,0,5347,5114,10461
SYDNEY,1992,6,392463,385693,778156,144627,174162,318789,537090,559855,1096945
TOWNSVILLE,1992,6,20874,19748,40622,0,0,0,20874,19748,40622
NEWCASTLE,1992,6,2395,2395,4790,0,0,0,2395,2395,4790
ADELAIDE,1992,7,115444,117438,232882,9753,9946,19699,125197,127384,252581
ALICE SPRINGS,1992,7,35142,35445,70587,0,0,0,35142,35445,70587
All Australian Airports,1992,7,1749523,1749523,3499046,435768,393798,829566,2185291,2143321,4328612
BALLINA,1992,7,2720,2730,5450,0,0,0,2720,2730,5450
BRISBANE,1992,7,242383,232421,474804,62968,51837,114805,305351,284258,589609
CAIRNS,1992,7,60559,60693,121252,29118,23191,52309,89677,83884,173561
CANBERRA,1992,7,58779,59586,118365,0,0,0,58779,59586,118365
DARWIN,1992,7,29196,27666,56862,6068,4309,10377,35264,31975,67239
GOLD COAST,1992,7,66259,66735,132994,0,0,0,66259,66735,132994
HAMILTON ISLAND,1992,7,7050,6968,14018,0,0,0,7050,6968,14018
HOBART,1992,7,23927,24585,48512,190,195,385,24117,24780,48897
KARRATHA,1992,7,7618,7849,15467,0,0,0,7618,7849,15467
LAUNCESTON,1992,7,14587,15391,29978,0,0,0,14587,15391,29978
MACKAY,1992,7,9634,10149,19783,0,0,0,9634,10149,19783
MELBOURNE,1992,7,337244,343763,681007,74547,70113,144660,411791,413876,825667
PERTH,1992,7,82976,82283,165259,41597,37969,79566,124573,120252,244825
ROCKHAMPTON,1992,7,15276,15104,30380,0,0,0,15276,15104,30380
SUNSHINE COAST,1992,7,7437,7039,14476,0,0,0,7437,7039,14476
SYDNEY,1992,7,450117,448189,898306,210784,195478,406262,660901,643667,1304568
TOWNSVILLE,1992,7,23235,23208,46443,0,0,0,23235,23208,46443
NEWCASTLE,1992,7,2798,2850,5648,0,0,0,2798,2850,5648
ADELAIDE,1992,8,116241,115220,231461,8487,7914,16401,124728,123134,247862
ALICE SPRINGS,1992,8,33455,33927,67382,0,0,0,33455,33927,67382
All Australian Airports,1992,8,1637838,1637838,3275676,376059,380893,756952,2013897,2018731,4032628
BALLINA,1992,8,2444,2291,4735,0,0,0,2444,2291,4735
BRISBANE,1992,8,217025,217386,434411,54593,55236,109829,271618,272622,544240
CAIRNS,1992,8,57933,59406,117339,26273,24618,50891,84206,84024,168230
CANBERRA,1992,8,54301,54187,108488,0,0,0,54301,54187,108488
DARWIN,1992,8,21786,24474,46260,4041,4716,8757,25827,29190,55017
GOLD COAST,1992,8,58587,63738,122325,0,0,0,58587,63738,122325
HAMILTON ISLAND,1992,8,8893,8455,17348,0,0,0,8893,8455,17348
HOBART,1992,8,23177,26035,49212,391,500,891,23568,26535,50103
KARRATHA,1992,8,7083,7146,14229,0,0,0,7083,7146,14229
LAUNCESTON,1992,8,14593,15665,30258,0,0,0,14593,15665,30258
MACKAY,1992,8,9463,9441,18904,0,0,0,9463,9441,18904
MELBOURNE,1992,8,321900,319180,641080,68404,67192,135596,390304,386372,776676
PERTH,1992,8,75836,75376,151212,36919,35265,72184,112755,110641,223396
ROCKHAMPTON,1992,8,12764,12879,25643,0,0,0,12764,12879,25643
SUNSHINE COAST,1992,8,6770,6452,13222,0,0,0,6770,6452,13222
SYDNEY,1992,8,423885,412871,836756,175976,184677,360653,599861,597548,1197409
TOWNSVILLE,1992,8,20575,21520,42095,0,0,0,20575,21520,42095
NEWCASTLE,1992,8,2368,2379,4747,0,0,0,2368,2379,4747
ADELAIDE,1992,9,116907,117342,234249,9830,8314,18144,126737,125656,252393
ALICE SPRINGS,1992,9,30080,30360,60440,0,0,0,30080,30360,60440
All Australian Airports,1992,9,1791688,1791688,3583376,386283,400593,786876,2177971,2192281,4370252
BALLINA,1992,9,2776,2676,5452,0,0,0,2776,2676,5452
BRISBANE,1992,9,242627,239419,482046,55403,58617,114020,298030,298036,596066
CAIRNS,1992,9,56841,57492,114333,23342,20995,44337,80183,78487,158670
CANBERRA,1992,9,58719,59157,117876,0,0,0,58719,59157,117876
DARWIN,1992,9,19853,20670,40523,3582,4123,7705,23435,24793,48228
GOLD COAST,1992,9,62319,65843,128162,0,0,0,62319,65843,128162
HAMILTON ISLAND,1992,9,10121,9156,19277,0,0,0,10121,9156,19277
HOBART,1992,9,30661,25845,56506,408,307,715,31069,26152,57221
KARRATHA,1992,9,7093,7382,14475,0,0,0,7093,7382,14475
LAUNCESTON,1992,9,20076,16483,36559,0,0,0,20076,16483,36559
MACKAY,1992,9,9962,10227,20189,0,0,0,9962,10227,20189
MELBOURNE,1992,9,362891,368448,731339,77392,73389,150781,440283,441837,882120
PERTH,1992,9,88970,89783,178753,41507,40050,81557,130477,129833,260310
ROCKHAMPTON,1992,9,14380,14340,28720,0,0,0,14380,14340,28720
SUNSHINE COAST,1992,9,7580,6937,14517,0,0,0,7580,6937,14517
SYDNEY,1992,9,468902,470341,939243,173801,193629,367430,642703,663970,1306673
TOWNSVILLE,1992,9,25189,26066,51255,0,0,0,25189,26066,51255
NEWCASTLE,1992,9,2924,2865,5789,0,0,0,2924,2865,5789
ADELAIDE,1992,10,127241,122732,249973,12087,7679,19766,139328,130411,269739
ALICE SPRINGS,1992,10,35016,35328,70344,0,0,0,35016,35328,70344
All Australian Airports,1992,10,1883093,1883093,3766186,457934,355498,813432,2341027,2238591,4579618
BALLINA,1992,10,2853,2897,5750,0,0,0,2853,2897,5750
BRISBANE,1992,10,247220,246512,493732,64850,50583,115433,312070,297095,609165
CAIRNS,1992,10,59406,66474,125880,27307,16945,44252,86713,83419,170132
CANBERRA,1992,10,65231,65146,130377,0,0,0,65231,65146,130377
DARWIN,1992,10,20484,21933,42417,4798,3646,8444,25282,25579,50861
GOLD COAST,1992,10,64188,75697,139885,0,0,0,64188,75697,139885
HAMILTON ISLAND,1992,10,11571,12079,23650,0,0,0,11571,12079,23650
HOBART,1992,10,27850,27896,55746,400,346,746,28250,28242,56492
KARRATHA,1992,10,7309,7528,14837,0,0,0,7309,7528,14837
LAUNCESTON,1992,10,18946,19299,38245,0,0,0,18946,19299,38245
MACKAY,1992,10,9500,10179,19679,0,0,0,9500,10179,19679
MELBOURNE,1992,10,381442,372447,753889,88507,63144,151651,469949,435591,905540
PERTH,1992,10,89608,88994,178602,47647,34960,82607,137255,123954,261209
ROCKHAMPTON,1992,10,14438,14734,29172,0,0,0,14438,14734,29172
SUNSHINE COAST,1992,10,7578,8282,15860,0,0,0,7578,8282,15860
SYDNEY,1992,10,501485,488733,990218,210980,176992,387972,712465,665725,1378190
TOWNSVILLE,1992,10,26999,27965,54964,0,0,0,26999,27965,54964
NEWCASTLE,1992,10,3077,3027,6104,0,0,0,3077,3027,6104
ADELAIDE,1992,11,126558,127379,253937,9285,8656,17941,135843,136035,271878
ALICE SPRINGS,1992,11,32928,33502,66430,0,0,0,32928,33502,66430
All Australian Airports,1992,11,1758142,1758142,3516284,405635,397517,803152,2163777,2155659,4319436
BALLINA,1992,11,2496,2527,5023,0,0,0,2496,2527,5023
BRISBANE,1992,11,222384,218297,440681,59760,53561,113321,282144,271858,554002
CAIRNS,1992,11,53457,56579,110036,28556,22819,51375,82013,79398,161411
CANBERRA,1992,11,62420,61924,124344,0,0,0,62420,61924,124344
DARWIN,1992,11,19374,20542,39916,3317,3760,7077,22691,24302,46993
GOLD COAST,1992,11,58982,70309,129291,0,0,0,58982,70309,129291
HAMILTON ISLAND,1992,11,12581,12498,25079,0,0,0,12581,12498,25079
HOBART,1992,11,27657,27746,55403,273,257,530,27930,28003,55933
KARRATHA,1992,11,6881,6785,13666,0,0,0,6881,6785,13666
LAUNCESTON,1992,11,18562,18569,37131,0,0,0,18562,18569,37131
MACKAY,1992,11,9089,9088,18177,0,0,0,9089,9088,18177
MELBOURNE,1992,11,362592,359035,721627,72672,72656,145328,435264,431691,866955
PERTH,1992,11,82887,84640,167527,40652,36943,77595,123539,121583,245122
ROCKHAMPTON,1992,11,11749,11575,23324,0,0,0,11749,11575,23324
SUNSHINE COAST,1992,11,7411,7700,15111,0,0,0,7411,7700,15111
SYDNEY,1992,11,465528,453953,919481,189670,197490,387160,655198,651443,1306641
TOWNSVILLE,1992,11,24337,24441,48778,136,175,311,24473,24616,49089
NEWCASTLE,1992,11,3763,3685,7448,0,0,0,3763,3685,7448
ADELAIDE,1992,12,117244,116824,234068,8826,10286,19112,126070,127110,253180
ALICE SPRINGS,1992,12,31131,31692,62823,0,0,0,31131,31692,62823
All Australian Airports,1992,12,1793321,1793321,3586642,430288,490547,920835,2223609,2283868,4507477
BALLINA,1992,12,3240,2945,6185,0,0,0,3240,2945,6185
BRISBANE,1992,12,242756,227958,470714,68174,68351,136525,310930,296309,607239
CAIRNS,1992,12,52112,54554,106666,32401,22486,54887,84513,77040,161553
CANBERRA,1992,12,53582,57456,111038,0,0,0,53582,57456,111038
DARWIN,1992,12,18006,23362,41368,3603,4537,8140,21609,27899,49508
GOLD COAST,1992,12,73881,72355,146236,0,0,0,73881,72355,146236
HAMILTON ISLAND,1992,12,12517,10873,23390,0,0,0,12517,10873,23390
HOBART,1992,12,34642,29852,64494,381,301,682,35023,30153,65176
KARRATHA,1992,12,6360,7408,13768,0,0,0,6360,7408,13768
LAUNCESTON,1992,12,24769,20572,45341,0,0,0,24769,20572,45341
MACKAY,1992,12,9206,9281,18487,0,0,0,9206,9281,18487
MELBOURNE,1992,12,355494,371662,727156,75747,94424,170171,431241,466086,897327
PERTH,1992,12,96195,89357,185552,43503,49597,93100,139698,138954,278652
ROCKHAMPTON,1992,12,12519,12657,25176,0,0,0,12519,12657,25176
SUNSHINE COAST,1992,12,9098,7403,16501,0,0,0,9098,7403,16501
SYDNEY,1992,12,461322,468060,929382,196582,239229,435811,657904,707289,1365193
TOWNSVILLE,1992,12,25809,27566,53375,226,368,594,26035,27934,53969
NEWCASTLE,1992,12,2963,2969,5932,0,0,0,2963,2969,5932
ADELAIDE,1993,1,118972,120810,239782,11608,8542,20150,130580,129352,259932
ALICE SPRINGS,1993,1,31664,31313,62977,0,0,0,31664,31313,62977
All Australian Airports,1993,1,1879330,1879330,3758660,516585,438365,954950,2395915,2317695,4713610
BALLINA,1993,1,2802,3231,6033,0,0,0,2802,3231,6033
BRISBANE,1993,1,256142,257526,513668,76143,62491,138634,332285,320017,652302
CAIRNS,1993,1,55726,59908,115634,31617,27078,58695,87343,86986,174329
CANBERRA,1993,1,48077,45006,93083,0,0,0,48077,45006,93083
DARWIN,1993,1,22430,18431,40861,4678,3006,7684,27108,21437,48545
GOLD COAST,1993,1,71617,96925,168542,0,0,0,71617,96925,168542
HAMILTON ISLAND,1993,1,10900,13513,24413,0,0,0,10900,13513,24413
HOBART,1993,1,34708,42131,76839,507,548,1055,35215,42679,77894
KARRATHA,1993,1,6678,6274,12952,0,0,0,6678,6274,12952
LAUNCESTON,1993,1,25609,30150,55759,0,0,0,25609,30150,55759
MACKAY,1993,1,9354,9761,19115,0,0,0,9354,9761,19115
MELBOURNE,1993,1,398547,375089,773636,98504,76605,175109,497051,451694,948745
PERTH,1993,1,91519,98687,190206,50360,43010,93370,141879,141697,283576
ROCKHAMPTON,1993,1,15533,15497,31030,0,0,0,15533,15497,31030
SUNSHINE COAST,1993,1,10596,12350,22946,0,0,0,10596,12350,22946
SYDNEY,1993,1,500146,470956,971102,241909,215819,457728,742055,686775,1428830
TOWNSVILLE,1993,1,25058,23962,49020,250,149,399,25308,24111,49419
NEWCASTLE,1993,1,3600,3657,7257,0,0,0,3600,3657,7257
ADELAIDE,1993,2,109834,107570,217404,8654,6639,15293,118488,114209,232697
ALICE SPRINGS,1993,2,29525,28940,58465,0,0,0,29525,28940,58465
All Australian Airports,1993,2,1582441,1582441,3164882,405308,356814,762122,1987749,1939255,3927004
BALLINA,1993,2,2206,2250,4456,0,0,0,2206,2250,4456
BRISBANE,1993,2,197179,193998,391177,55337,52286,107623,252516,246284,498800
CAIRNS,1993,2,42850,45400,88250,26095,19603,45698,68945,65003,133948
CANBERRA,1993,2,54517,54917,109434,0,0,0,54517,54917,109434
DARWIN,1993,2,15344,15304,30648,3035,2510,5545,18379,17814,36193
GOLD COAST,1993,2,47648,56904,104552,0,0,0,47648,56904,104552
HAMILTON ISLAND,1993,2,8627,8804,17431,0,0,0,8627,8804,17431
HOBART,1993,2,31126,30045,61171,651,388,1039,31777,30433,62210
KARRATHA,1993,2,5930,5945,11875,0,0,0,5930,5945,11875
LAUNCESTON,1993,2,21509,19108,40617,0,0,0,21509,19108,40617
MACKAY,1993,2,7381,7326,14707,0,0,0,7381,7326,14707
MELBOURNE,1993,2,340121,340209,680330,79557,63380,142937,419678,403589,823267
PERTH,1993,2,74927,75266,150193,37773,29067,66840,112700,104333,217033
ROCKHAMPTON,1993,2,11442,11501,22943,0,0,0,11442,11501,22943
SUNSHINE COAST,1993,2,5989,6257,12246,0,0,0,5989,6257,12246
SYDNEY,1993,2,418685,414350,833035,192992,181723,374715,611677,596073,1207750
TOWNSVILLE,1993,2,20494,20333,40827,220,204,424,20714,20537,41251
NEWCASTLE,1993,2,3105,3006,6111,0,0,0,3105,3006,6111
ADELAIDE,1993,3,116677,119860,236537,8619,9027,17646,125296,128887,254183
ALICE SPRINGS,1993,3,35310,34554,69864,0,0,0,35310,34554,69864
All Australian Airports,1993,3,1729121,1729121,3458242,389293,413113,802406,2118414,2142234,4260648
BALLINA,1993,3,2331,2230,4561,0,0,0,2331,2230,4561
BRISBANE,1993,3,216042,212672,428714,61524,56861,118385,277566,269533,547099
CAIRNS,1993,3,52215,51242,103457,23672,24359,48031,75887,75601,151488
CANBERRA,1993,3,59153,59719,118872,0,0,0,59153,59719,118872
DARWIN,1993,3,18744,18706,37450,3324,3671,6995,22068,22377,44445
GOLD COAST,1993,3,59785,65275,125060,0,0,0,59785,65275,125060
HAMILTON ISLAND,1993,3,10574,9540,20114,0,0,0,10574,9540,20114
HOBART,1993,3,29505,31754,61259,448,409,857,29953,32163,62116
KARRATHA,1993,3,6547,6529,13076,0,0,0,6547,6529,13076
LAUNCESTON,1993,3,21171,21989,43160,0,0,0,21171,21989,43160
MACKAY,1993,3,9167,9376,18543,0,0,0,9167,9376,18543
MELBOURNE,1993,3,359785,360336,720121,69987,76538,146525,429772,436874,866646
PERTH,1993,3,84366,85151,169517,40685,38324,79009,125051,123475,248526
ROCKHAMPTON,1993,3,12214,12054,24268,0,0,0,12214,12054,24268
SUNSHINE COAST,1993,3,6313,5916,12229,0,0,0,6313,5916,12229
SYDNEY,1993,3,451409,444464,895873,179994,202895,382889,631403,647359,1278762
TOWNSVILLE,1993,3,20624,20073,40697,187,157,344,20811,20230,41041
NEWCASTLE,1993,3,3369,3329,6698,0,0,0,3369,3329,6698
ADELAIDE,1993,4,122265,123851,246116,8341,9601,17942,130606,133452,264058
ALICE SPRINGS,1993,4,34061,34970,69031,0,0,0,34061,34970,69031
All Australian Airports,1993,4,1816245,1816245,3632490,385172,416542,801714,2201417,2232787,4434204
BALLINA,1993,4,2703,2756,5459,0,0,0,2703,2756,5459
BRISBANE,1993,4,234824,232920,467744,60518,56080,116598,295342,289000,584342
CAIRNS,1993,4,56669,59108,115777,24217,20806,45023,80886,79914,160800
CANBERRA,1993,4,59327,61094,120421,0,0,0,59327,61094,120421
DARWIN,1993,4,21502,20225,41727,4406,3966,8372,25908,24191,50099
GOLD COAST,1993,4,63809,72732,136541,0,0,0,63809,72732,136541
HAMILTON ISLAND,1993,4,11168,11772,22940,0,0,0,11168,11772,22940
HOBART,1993,4,30489,32288,62777,333,273,606,30822,32561,63383
KARRATHA,1993,4,6677,6870,13547,0,0,0,6677,6870,13547
LAUNCESTON,1993,4,21620,22638,44258,0,0,0,21620,22638,44258
MACKAY,1993,4,9709,9925,19634,0,0,0,9709,9925,19634
MELBOURNE,1993,4,369312,366088,735400,69740,78228,147968,439052,444316,883368
PERTH,1993,4,91579,91472,183051,37545,42525,80070,129124,133997,263121
ROCKHAMPTON,1993,4,12735,12647,25382,0,0,0,12735,12647,25382
SUNSHINE COAST,1993,4,8115,7820,15935,0,0,0,8115,7820,15935
SYDNEY,1993,4,475207,459474,934681,179230,204225,383455,654437,663699,1318136
TOWNSVILLE,1993,4,20748,21127,41875,101,111,212,20849,21238,42087
NEWCASTLE,1993,4,3467,3411,6878,0,0,0,3467,3411,6878
ADELAIDE,1993,5,111963,113182,225145,7059,8815,15874,119022,121997,241019
ALICE SPRINGS,1993,5,33478,34050,67528,0,0,0,33478,34050,67528
All Australian Airports,1993,5,1646109,1646109,3292218,356028,408986,765014,2002137,2055095,4057232
BALLINA,1993,5,2534,2261,4795,0,0,0,2534,2261,4795
BRISBANE,1993,5,213741,210167,423908,57863,58563,116426,271604,268730,540334
CAIRNS,1993,5,54910,55047,109957,27450,23537,50987,82360,78584,160944
CANBERRA,1993,5,58704,60118,118822,0,0,0,58704,60118,118822
DARWIN,1993,5,23072,22792,45864,3748,5093,8841,26820,27885,54705
GOLD COAST,1993,5,52015,59713,111728,0,0,0,52015,59713,111728
HAMILTON ISLAND,1993,5,8671,8852,17523,0,0,0,8671,8852,17523
HOBART,1993,5,25158,28902,54060,447,452,899,25605,29354,54959
KARRATHA,1993,5,6395,6299,12694,0,0,0,6395,6299,12694
LAUNCESTON,1993,5,15775,18790,34565,0,0,0,15775,18790,34565
MACKAY,1993,5,8838,9072,17910,0,0,0,8838,9072,17910
MELBOURNE,1993,5,330072,329765,659837,65965,78681,144646,396037,408446,804483
PERTH,1993,5,81446,82892,164338,32055,35821,67876,113501,118713,232214
ROCKHAMPTON,1993,5,11869,11854,23723,0,0,0,11869,11854,23723
SUNSHINE COAST,1993,5,6368,6209,12577,0,0,0,6368,6209,12577
SYDNEY,1993,5,427639,412202,839841,160582,197085,357667,588221,609287,1197508
TOWNSVILLE,1993,5,20298,20222,40520,90,149,239,20388,20371,40759
NEWCASTLE,1993,5,3538,3513,7051,0,0,0,3538,3513,7051
ADELAIDE,1993,6,109133,109176,218309,7650,7877,15527,116783,117053,233836
ALICE SPRINGS,1993,6,32236,32588,64824,0,0,0,32236,32588,64824
All Australian Airports,1993,6,1656336,1656336,3312672,358340,403706,762046,2014676,2060042,4074718
BALLINA,1993,6,2332,2272,4604,0,0,0,2332,2272,4604
BRISBANE,1993,6,223677,225839,449516,64323,62938,127261,288000,288777,576777
CAIRNS,1993,6,61274,58496,119770,29986,23676,53662,91260,82172,173432
CANBERRA,1993,6,53901,56888,110789,0,0,0,53901,56888,110789
DARWIN,1993,6,25344,24777,50121,3617,4905,8522,28961,29682,58643
GOLD COAST,1993,6,57005,61797,118802,0,0,0,57005,61797,118802
HAMILTON ISLAND,1993,6,9268,8576,17844,0,0,0,9268,8576,17844
HOBART,1993,6,26059,24783,50842,255,177,432,26314,24960,51274
KARRATHA,1993,6,6691,6684,13375,0,0,0,6691,6684,13375
LAUNCESTON,1993,6,16618,15702,32320,0,0,0,16618,15702,32320
MACKAY,1993,6,9973,9568,19541,0,0,0,9973,9568,19541
MELBOURNE,1993,6,319357,321924,641281,60292,73036,133328,379649,394960,774609
PERTH,1993,6,81557,81268,162825,35159,40645,75804,116716,121913,238629
ROCKHAMPTON,1993,6,12536,12504,25040,0,0,0,12536,12504,25040
SUNSHINE COAST,1993,6,7505,6750,14255,0,0,0,7505,6750,14255
SYDNEY,1993,6,426027,424731,850758,156213,189560,345773,582240,614291,1196531
TOWNSVILLE,1993,6,21757,20604,42361,144,207,351,21901,20811,42712
NEWCASTLE,1993,6,3442,3487,6929,0,0,0,3442,3487,6929
ADELAIDE,1993,7,122044,125036,247080,11010,9204,20214,133054,134240,267294
ALICE SPRINGS,1993,7,38720,39506,78226,0,0,0,38720,39506,78226
All Australian Airports,1993,7,1816327,1816327,3632654,472768,403100,875868,2289095,2219427,4508522
BALLINA,1993,7,2544,2608,5152,0,0,0,2544,2608,5152
BRISBANE,1993,7,244307,239562,483869,74072,58665,132737,318379,298227,616606
CAIRNS,1993,7,67079,67333,134412,31461,26000,57461,98540,93333,191873
CANBERRA,1993,7,60068,59365,119433,0,0,0,60068,59365,119433
DARWIN,1993,7,31710,30795,62505,6244,4710,10954,37954,35505,73459
GOLD COAST,1993,7,66240,66442,132682,0,0,0,66240,66442,132682
HAMILTON ISLAND,1993,7,10234,10438,20672,0,0,0,10234,10438,20672
HOBART,1993,7,24035,24709,48744,313,314,627,24348,25023,49371
KARRATHA,1993,7,8042,8272,16314,0,0,0,8042,8272,16314
LAUNCESTON,1993,7,15793,16310,32103,0,0,0,15793,16310,32103
MACKAY,1993,7,9375,9775,19150,0,0,0,9375,9775,19150
MELBOURNE,1993,7,345892,353226,699118,84257,75700,159957,430149,428926,859075
PERTH,1993,7,95992,98315,194307,46560,42983,89543,142552,141298,283850
ROCKHAMPTON,1993,7,12700,12515,25215,0,0,0,12700,12515,25215
SUNSHINE COAST,1993,7,8837,8554,17391,0,0,0,8837,8554,17391
SYDNEY,1993,7,464192,453712,917904,217789,184445,402234,681981,638157,1320138
TOWNSVILLE,1993,7,23466,23072,46538,279,246,525,23745,23318,47063
NEWCASTLE,1993,7,3807,3774,7581,0,0,0,3807,3774,7581
ADELAIDE,1993,8,120077,119204,239281,8538,8082,16620,128615,127286,255901
ALICE SPRINGS,1993,8,39246,40618,79864,0,0,0,39246,40618,79864
All Australian Airports,1993,8,1798686,1798686,3597372,413429,426981,840410,2212115,2225667,4437782
BALLINA,1993,8,2458,2446,4904,0,0,0,2458,2446,4904
BRISBANE,1993,8,239010,240137,479147,66989,67875,134864,305999,308012,614011
CAIRNS,1993,8,66530,66169,132699,32195,32128,64323,98725,98297,197022
CANBERRA,1993,8,63394,62475,125869,0,0,0,63394,62475,125869
DARWIN,1993,8,26014,28885,54899,4178,4975,9153,30192,33860,64052
GOLD COAST,1993,8,63518,70064,133582,0,0,0,63518,70064,133582
HAMILTON ISLAND,1993,8,11933,11581,23514,0,0,0,11933,11581,23514
HOBART,1993,8,23847,26593,50440,300,287,587,24147,26880,51027
KARRATHA,1993,8,7928,7519,15447,0,0,0,7928,7519,15447
LAUNCESTON,1993,8,16691,18058,34749,0,0,0,16691,18058,34749
MACKAY,1993,8,10279,10324,20603,0,0,0,10279,10324,20603
MELBOURNE,1993,8,349060,344788,693848,70787,69189,139976,419847,413977,833824
PERTH,1993,8,88482,86181,174663,40687,38854,79541,129169,125035,254204
ROCKHAMPTON,1993,8,13161,13313,26474,0,0,0,13161,13313,26474
SUNSHINE COAST,1993,8,8406,8336,16742,0,0,0,8406,8336,16742
SYDNEY,1993,8,462781,455116,917897,188740,204524,393264,651521,659640,1311161
TOWNSVILLE,1993,8,20985,21804,42789,198,225,423,21183,22029,43212
NEWCASTLE,1993,8,3989,3809,7798,0,0,0,3989,3809,7798
ADELAIDE,1993,9,129665,130617,260282,10553,9358,19911,140218,139975,280193
ALICE SPRINGS,1993,9,35204,35276,70480,0,0,0,35204,35276,70480
All Australian Airports,1993,9,1904842,1904842,3809684,421487,429754,851241,2326329,2334596,4660925
BALLINA,1993,9,2872,2801,5673,0,0,0,2872,2801,5673
BRISBANE,1993,9,249856,249978,499834,63668,66737,130405,313524,316715,630239
CAIRNS,1993,9,63734,65094,128828,27573,23783,51356,91307,88877,180184
CANBERRA,1993,9,61437,63128,124565,0,0,0,61437,63128,124565
DARWIN,1993,9,23833,24530,48363,4384,4162,8546,28217,28692,56909
GOLD COAST,1993,9,70144,72415,142559,0,0,0,70144,72415,142559
HAMILTON ISLAND,1993,9,12312,11584,23896,0,0,0,12312,11584,23896
HOBART,1993,9,32707,27326,60033,379,273,652,33086,27599,60685
KARRATHA,1993,9,8267,8434,16701,0,0,0,8267,8434,16701
LAUNCESTON,1993,9,21288,17540,38828,0,0,0,21288,17540,38828
MACKAY,1993,9,11271,11625,22896,0,0,0,11271,11625,22896
MELBOURNE,1993,9,377854,379206,757060,78905,82131,161036,456759,461337,918096
PERTH,1993,9,105233,102494,207727,43765,38775,82540,148998,141269,290267
ROCKHAMPTON,1993,9,13533,13750,27283,0,0,0,13533,13750,27283
SUNSHINE COAST,1993,9,10006,9392,19398,0,0,0,10006,9392,19398
SYDNEY,1993,9,482358,486310,968668,191102,203185,394287,673460,689495,1362955
TOWNSVILLE,1993,9,21786,23188,44974,199,296,495,21985,23484,45469
NEWCASTLE,1993,9,4279,4133,8412,0,0,0,4279,4133,8412
ADELAIDE,1993,10,135159,131308,266467,11970,7755,19725,147129,139063,286192
ALICE SPRINGS,1993,10,40901,41550,82451,0,0,0,40901,41550,82451
All Australian Airports,1993,10,1981066,1981066,3962132,506269,405797,912066,2487335,2386863,4874198
BALLINA,1993,10,2962,3100,6062,0,0,0,2962,3100,6062
BRISBANE,1993,10,253883,257705,511588,76163,62422,138585,330046,320127,650173
CAIRNS,1993,10,67467,73043,140510,32766,23618,56384,100233,96661,196894
CANBERRA,1993,10,66763,67131,133894,0,0,0,66763,67131,133894
DARWIN,1993,10,23637,26053,49690,6136,4216,10352,29773,30269,60042
GOLD COAST,1993,10,71596,82743,154339,0,0,0,71596,82743,154339
HAMILTON ISLAND,1993,10,14220,14668,28888,0,0,0,14220,14668,28888
HOBART,1993,10,30628,30218,60846,416,270,686,31044,30488,61532
KARRATHA,1993,10,8548,8732,17280,0,0,0,8548,8732,17280
LAUNCESTON,1993,10,19394,19739,39133,0,0,0,19394,19739,39133
MACKAY,1993,10,10693,11273,21966,0,0,0,10693,11273,21966
MELBOURNE,1993,10,387627,376690,764317,93580,70868,164448,481207,447558,928765
PERTH,1993,10,103101,107154,210255,53671,41937,95608,156772,149091,305863
ROCKHAMPTON,1993,10,14059,13839,27898,0,0,0,14059,13839,27898
SUNSHINE COAST,1993,10,9382,10260,19642,0,0,0,9382,10260,19642
SYDNEY,1993,10,515654,499507,1015161,230282,193617,423899,745936,693124,1439060
TOWNSVILLE,1993,10,21775,21513,43288,262,179,441,22037,21692,43729
NEWCASTLE,1993,10,4116,4048,8164,0,0,0,4116,4048,8164
ADELAIDE,1993,11,132903,133660,266563,9388,8592,17980,142291,142252,284543
ALICE SPRINGS,1993,11,39226,40015,79241,0,0,0,39226,40015,79241
All Australian Airports,1993,11,1895808,1895808,3791616,432614,438218,870832,2328422,2334026,4662448
BALLINA,1993,11,2816,2881,5697,0,0,0,2816,2881,5697
BRISBANE,1993,11,237246,237184,474430,65489,65081,130570,302735,302265,605000
CAIRNS,1993,11,62058,66569,128627,31873,24373,56246,93931,90942,184873
CANBERRA,1993,11,67508,68765,136273,0,0,0,67508,68765,136273
DARWIN,1993,11,21124,21907,43031,4144,4523,8667,25268,26430,51698
GOLD COAST,1993,11,64431,73246,137677,0,0,0,64431,73246,137677
HAMILTON ISLAND,1993,11,12367,12602,24969,0,0,0,12367,12602,24969
HOBART,1993,11,31134,31258,62392,370,355,725,31504,31613,63117
KARRATHA,1993,11,8550,8419,16969,0,0,0,8550,8419,16969
LAUNCESTON,1993,11,21178,21041,42219,0,0,0,21178,21041,42219
MACKAY,1993,11,9916,9883,19799,0,0,0,9916,9883,19799
MELBOURNE,1993,11,384701,381309,766010,77864,81592,159456,462565,462901,925466
PERTH,1993,11,92948,95179,188127,45021,42514,87535,137969,137693,275662
ROCKHAMPTON,1993,11,12766,13037,25803,0,0,0,12766,13037,25803
SUNSHINE COAST,1993,11,8332,8434,16766,0,0,0,8332,8434,16766
SYDNEY,1993,11,496542,479868,976410,196654,209255,405909,693196,689123,1382319
TOWNSVILLE,1993,11,19365,19840,39205,208,244,452,19573,20084,39657
NEWCASTLE,1993,11,4253,4211,8464,0,0,0,4253,4211,8464
ADELAIDE,1993,12,123429,123500,246929,8900,10637,19537,132329,134137,266466
ALICE SPRINGS,1993,12,35311,36884,72195,0,0,0,35311,36884,72195
All Australian Airports,1993,12,1896132,1896132,3792264,470552,509064,979616,2366684,2405196,4771880
BALLINA,1993,12,3517,3257,6774,0,0,0,3517,3257,6774
BRISBANE,1993,12,249356,238949,488305,73325,76798,150123,322681,315747,638428
CAIRNS,1993,12,59397,63441,122838,37256,26315,63571,96653,89756,186409
CANBERRA,1993,12,57354,62282,119636,0,0,0,57354,62282,119636
DARWIN,1993,12,20782,26128,46910,4138,5293,9431,24920,31421,56341
GOLD COAST,1993,12,77035,76208,153243,0,0,0,77035,76208,153243
HAMILTON ISLAND,1993,12,13180,11071,24251,0,0,0,13180,11071,24251
HOBART,1993,12,37004,30676,67680,396,306,702,37400,30982,68382
KARRATHA,1993,12,7568,8394,15962,0,0,0,7568,8394,15962
LAUNCESTON,1993,12,26916,22267,49183,0,0,0,26916,22267,49183
MACKAY,1993,12,10375,10280,20655,0,0,0,10375,10280,20655
MELBOURNE,1993,12,369318,386122,755440,80723,91768,172491,450041,477890,927931
PERTH,1993,12,106473,99472,205945,49694,53439,103133,156167,152911,309078
ROCKHAMPTON,1993,12,12837,13135,25972,0,0,0,12837,13135,25972
SUNSHINE COAST,1993,12,9888,8439,18327,0,0,0,9888,8439,18327
SYDNEY,1993,12,485026,483037,968063,214047,242148,456195,699073,725185,1424258
TOWNSVILLE,1993,12,19549,21672,41221,297,504,801,19846,22176,42022
NEWCASTLE,1993,12,4670,4524,9194,0,0,0,4670,4524,9194
ADELAIDE,1994,1,128156,129829,257985,11395,8634,20029,139551,138463,278014
ALICE SPRINGS,1994,1,36791,36792,73583,0,0,0,36791,36792,73583
All Australian Airports,1994,1,1959240,1959240,3918480,527407,469469,996876,2486647,2428709,4915356
BALLINA,1994,1,3054,3620,6674,0,0,0,3054,3620,6674
BRISBANE,1994,1,248303,254939,503242,76490,71062,147552,324793,326001,650794
CAIRNS,1994,1,61323,65795,127118,33668,29828,63496,94991,95623,190614
CANBERRA,1994,1,48862,46002,94864,0,0,0,48862,46002,94864
DARWIN,1994,1,25081,21128,46209,5739,4157,9896,30820,25285,56105
GOLD COAST,1994,1,83156,99553,182709,0,0,0,83156,99553,182709
HAMILTON ISLAND,1994,1,12382,14955,27337,0,0,0,12382,14955,27337
HOBART,1994,1,35102,42070,77172,474,489,963,35576,42559,78135
KARRATHA,1994,1,7715,7195,14910,0,0,0,7715,7195,14910
LAUNCESTON,1994,1,28145,33925,62070,0,0,0,28145,33925,62070
MACKAY,1994,1,9697,10103,19800,0,0,0,9697,10103,19800
MELBOURNE,1994,1,404951,384566,789517,98571,78535,177106,503522,463101,966623
PERTH,1994,1,105665,112848,218513,51394,44949,96343,157059,157797,314856
ROCKHAMPTON,1994,1,12834,12302,25136,0,0,0,12834,12302,25136
SUNSHINE COAST,1994,1,10117,11349,21466,0,0,0,10117,11349,21466
SYDNEY,1994,1,513595,485836,999431,247854,229823,477677,761449,715659,1477108
TOWNSVILLE,1994,1,20156,18876,39032,362,271,633,20518,19147,39665
NEWCASTLE,1994,1,4638,4716,9354,0,0,0,4638,4716,9354
ADELAIDE,1994,2,117017,116825,233842,9896,6851,16747,126913,123676,250589
ALICE SPRINGS,1994,2,33367,33231,66598,0,0,0,33367,33231,66598
All Australian Airports,1994,2,1752119,1752119,3504238,460291,417938,878229,2212410,2170057,4382467
BALLINA,1994,2,2462,2553,5015,0,0,0,2462,2553,5015
BRISBANE,1994,2,219393,220227,439620,65784,63202,128986,285177,283429,568606
CAIRNS,1994,2,51256,55023,106279,34183,23984,58167,85439,79007,164446
CANBERRA,1994,2,62438,63546,125984,0,0,0,62438,63546,125984
DARWIN,1994,2,18633,18103,36736,3719,3524,7243,22352,21627,43979
GOLD COAST,1994,2,59643,71824,131467,0,0,0,59643,71824,131467
HAMILTON ISLAND,1994,2,11168,10781,21949,0,0,0,11168,10781,21949
HOBART,1994,2,32873,31549,64422,405,398,803,33278,31947,65225
KARRATHA,1994,2,6973,6976,13949,0,0,0,6973,6976,13949
LAUNCESTON,1994,2,23688,21649,45337,0,0,0,23688,21649,45337
MACKAY,1994,2,8426,8632,17058,0,0,0,8426,8632,17058
MELBOURNE,1994,2,362983,361735,724718,81738,69912,151650,444721,431647,876368
PERTH,1994,2,88877,89801,178678,46854,39232,86086,135731,129033,264764
ROCKHAMPTON,1994,2,11456,11058,22514,0,0,0,11456,11058,22514
SUNSHINE COAST,1994,2,7035,7370,14405,0,0,0,7035,7370,14405
SYDNEY,1994,2,465210,451458,916668,216374,209543,425917,681584,661001,1342585
TOWNSVILLE,1994,2,17045,17087,34132,214,244,458,17259,17331,34590
NEWCASTLE,1994,2,4158,4057,8215,0,0,0,4158,4057,8215
ADELAIDE,1994,3,133809,136867,270676,8719,9729,18448,142528,146596,289124
ALICE SPRINGS,1994,3,40177,40198,80375,0,0,0,40177,40198,80375
All Australian Airports,1994,3,2017836,2017836,4035672,457106,479516,936622,2474942,2497352,4972294
BALLINA,1994,3,3180,3106,6286,0,0,0,3180,3106,6286
BRISBANE,1994,3,257731,253367,511098,65388,63942,129330,323119,317309,640428
CAIRNS,1994,3,63034,63519,126553,32101,28370,60471,95135,91889,187024
CANBERRA,1994,3,69773,73158,142931,0,0,0,69773,73158,142931
DARWIN,1994,3,23186,23490,46676,4466,4647,9113,27652,28137,55789
GOLD COAST,1994,3,69466,75874,145340,0,0,0,69466,75874,145340
HAMILTON ISLAND,1994,3,12818,12525,25343,0,0,0,12818,12525,25343
HOBART,1994,3,34105,36150,70255,416,386,802,34521,36536,71057
KARRATHA,1994,3,7420,7457,14877,0,0,0,7420,7457,14877
LAUNCESTON,1994,3,24794,26441,51235,0,0,0,24794,26441,51235
MACKAY,1994,3,9923,9775,19698,0,0,0,9923,9775,19698
MELBOURNE,1994,3,411115,416493,827608,79814,83879,163693,490929,500372,991301
PERTH,1994,3,105109,103210,208319,50284,47779,98063,155393,150989,306382
ROCKHAMPTON,1994,3,11906,11893,23799,0,0,0,11906,11893,23799
SUNSHINE COAST,1994,3,8484,8409,16893,0,0,0,8484,8409,16893
SYDNEY,1994,3,529404,513628,1043032,214118,239121,453239,743522,752749,1496271
TOWNSVILLE,1994,3,20547,20657,41204,141,205,346,20688,20862,41550
NEWCASTLE,1994,3,4863,4878,9741,0,0,0,4863,4878,9741
ADELAIDE,1994,4,126953,133145,260098,8102,9679,17781,135055,142824,277879
ALICE SPRINGS,1994,4,36193,36766,72959,0,0,0,36193,36766,72959
All Australian Airports,1994,4,1942669,1942669,3885338,420003,448911,868914,2362672,2391580,4754252
BALLINA,1994,4,2876,3079,5955,0,0,0,2876,3079,5955
BRISBANE,1994,4,252331,257563,509894,63604,63550,127154,315935,321113,637048
CAIRNS,1994,4,64247,66528,130775,27534,22088,49622,91781,88616,180397
CANBERRA,1994,4,62973,64852,127825,0,0,0,62973,64852,127825
DARWIN,1994,4,23999,23662,47661,4827,4735,9562,28826,28397,57223
GOLD COAST,1994,4,66770,76129,142899,0,0,0,66770,76129,142899
HAMILTON ISLAND,1994,4,12106,12090,24196,0,0,0,12106,12090,24196
HOBART,1994,4,30128,31556,61684,490,419,909,30618,31975,62593
KARRATHA,1994,4,7666,7424,15090,0,0,0,7666,7424,15090
LAUNCESTON,1994,4,23504,24055,47559,0,0,0,23504,24055,47559
MACKAY,1994,4,9947,10454,20401,0,0,0,9947,10454,20401
MELBOURNE,1994,4,393690,388156,781846,73495,79473,152968,467185,467629,934814
PERTH,1994,4,95305,101166,196471,42409,47238,89647,137714,148404,286118
ROCKHAMPTON,1994,4,12396,12286,24682,0,0,0,12396,12286,24682
SUNSHINE COAST,1994,4,9362,9889,19251,0,0,0,9362,9889,19251
SYDNEY,1994,4,514059,484573,998632,197992,219827,417819,712051,704400,1416451
TOWNSVILLE,1994,4,22229,21744,43973,111,252,363,22340,21996,44336
NEWCASTLE,1994,4,4574,4412,8986,0,0,0,4574,4412,8986
ADELAIDE,1994,5,122452,123099,245551,6250,8464,14714,128702,131563,260265
ALICE SPRINGS,1994,5,33557,34839,68396,0,0,0,33557,34839,68396
All Australian Airports,1994,5,1822666,1822666,3645332,359926,418249,778175,2182592,2240915,4423507
BALLINA,1994,5,2777,2713,5490,0,0,0,2777,2713,5490
BRISBANE,1994,5,237751,236311,474062,57992,60290,118282,295743,296601,592344
CAIRNS,1994,5,60539,60277,120816,27912,24232,52144,88451,84509,172960
CANBERRA,1994,5,67178,68746,135924,0,0,0,67178,68746,135924
DARWIN,1994,5,25503,24983,50486,4275,5252,9527,29778,30235,60013
GOLD COAST,1994,5,55491,64635,120126,0,0,0,55491,64635,120126
HAMILTON ISLAND,1994,5,9669,9993,19662,0,0,0,9669,9993,19662
HOBART,1994,5,26777,31421,58198,243,295,538,27020,31716,58736
KARRATHA,1994,5,7943,7716,15659,0,0,0,7943,7716,15659
LAUNCESTON,1994,5,18069,21173,39242,0,0,0,18069,21173,39242
MACKAY,1994,5,10010,9892,19902,0,0,0,10010,9892,19902
MELBOURNE,1994,5,360119,364693,724812,58306,70387,128693,418425,435080,853505
PERTH,1994,5,94933,94724,189657,36190,41107,77297,131123,135831,266954
ROCKHAMPTON,1994,5,11307,11458,22765,0,0,0,11307,11458,22765
SUNSHINE COAST,1994,5,8209,8310,16519,0,0,0,8209,8310,16519
SYDNEY,1994,5,479309,454776,934085,167227,206570,373797,646536,661346,1307882
TOWNSVILLE,1994,5,21989,22270,44259,80,109,189,22069,22379,44448
NEWCASTLE,1994,5,4279,4309,8588,0,0,0,4279,4309,8588
ADELAIDE,1994,6,119167,120298,239465,7094,7826,14920,126261,128124,254385
ALICE SPRINGS,1994,6,34276,34451,68727,0,0,0,34276,34451,68727
All Australian Airports,1994,6,1881521,1881521,3763042,398165,434962,833127,2279686,2316483,4596169
BALLINA,1994,6,2957,2921,5878,0,0,0,2957,2921,5878
BRISBANE,1994,6,257794,261141,518935,67054,63444,130498,324848,324585,649433
CAIRNS,1994,6,69255,66457,135712,31364,23510,54874,100619,89967,190586
CANBERRA,1994,6,60427,66799,127226,0,0,0,60427,66799,127226
DARWIN,1994,6,30071,30040,60111,5339,6106,11445,35410,36146,71556
GOLD COAST,1994,6,64572,70243,134815,0,0,0,64572,70243,134815
HAMILTON ISLAND,1994,6,9974,9364,19338,0,0,0,9974,9364,19338
HOBART,1994,6,27392,25460,52852,160,131,291,27552,25591,53143
KARRATHA,1994,6,7890,7967,15857,0,0,0,7890,7967,15857
LAUNCESTON,1994,6,18284,16988,35272,0,0,0,18284,16988,35272
MACKAY,1994,6,10946,10554,21500,0,0,0,10946,10554,21500
MELBOURNE,1994,6,361675,366515,728190,65435,74695,140130,427110,441210,868320
PERTH,1994,6,94985,93412,188397,39572,43465,83037,134557,136877,271434
ROCKHAMPTON,1994,6,12764,12858,25622,0,0,0,12764,12858,25622
SUNSHINE COAST,1994,6,9259,8587,17846,0,0,0,9259,8587,17846
SYDNEY,1994,6,491835,483124,974959,180671,214096,394767,672506,697220,1369726
TOWNSVILLE,1994,6,24760,23426,48186,143,288,431,24903,23714,48617
NEWCASTLE,1994,6,4181,4210,8391,0,0,0,4181,4210,8391
ADELAIDE,1994,7,136545,140563,277108,10622,9948,20570,147167,150511,297678
ALICE SPRINGS,1994,7,42593,43816,86409,0,0,0,42593,43816,86409
All Australian Airports,1994,7,2115581,2115581,4231162,522764,453194,975958,2638345,2568775,5207120
BALLINA,1994,7,2914,2974,5888,0,0,0,2914,2974,5888
BRISBANE,1994,7,292285,291709,583994,76352,64109,140461,368637,355818,724455
CAIRNS,1994,7,82085,84490,166575,31988,26048,58036,114073,110538,224611
CANBERRA,1994,7,66525,65844,132369,0,0,0,66525,65844,132369
DARWIN,1994,7,35664,35691,71355,9265,6737,16002,44929,42428,87357
GOLD COAST,1994,7,77582,78855,156437,0,0,0,77582,78855,156437
HAMILTON ISLAND,1994,7,11733,10983,22716,0,0,0,11733,10983,22716
HOBART,1994,7,28917,30062,58979,179,152,331,29096,30214,59310
KARRATHA,1994,7,9055,9123,18178,0,0,0,9055,9123,18178
LAUNCESTON,1994,7,17806,18756,36562,0,0,0,17806,18756,36562
MACKAY,1994,7,11115,11546,22661,0,0,0,11115,11546,22661
MELBOURNE,1994,7,408300,411275,819575,86147,78555,164702,494447,489830,984277
PERTH,1994,7,108260,112767,221027,53962,49119,103081,162222,161886,324108
ROCKHAMPTON,1994,7,13590,13367,26957,0,0,0,13590,13367,26957
SUNSHINE COAST,1994,7,11714,11175,22889,0,0,0,11714,11175,22889
SYDNEY,1994,7,545804,530614,1076418,252596,216791,469387,798400,747405,1545805
TOWNSVILLE,1994,7,28002,26973,54975,215,309,524,28217,27282,55499
NEWCASTLE,1994,7,3545,3327,6872,0,0,0,3545,3327,6872
ADELAIDE,1994,8,133179,133122,266301,8534,7828,16362,141713,140950,282663
ALICE SPRINGS,1994,8,42904,44656,87560,0,0,0,42904,44656,87560
All Australian Airports,1994,8,2052569,2052569,4105138,451024,470159,921183,2503593,2522728,5026321
BALLINA,1994,8,2741,2766,5507,0,0,0,2741,2766,5507
BRISBANE,1994,8,278951,285897,564848,70462,74167,144629,349413,360064,709477
CAIRNS,1994,8,80820,82395,163215,32717,36287,69004,113537,118682,232219
CANBERRA,1994,8,67520,68172,135692,0,0,0,67520,68172,135692
DARWIN,1994,8,31231,33794,65025,6002,6160,12162,37233,39954,77187
GOLD COAST,1994,8,70142,76647,146789,0,0,0,70142,76647,146789
HAMILTON ISLAND,1994,8,12638,12516,25154,0,0,0,12638,12516,25154
HOBART,1994,8,28094,30880,58974,247,303,550,28341,31183,59524
KARRATHA,1994,8,8840,9057,17897,0,0,0,8840,9057,17897
LAUNCESTON,1994,8,17513,19042,36555,0,0,0,17513,19042,36555
MACKAY,1994,8,11136,11215,22351,0,0,0,11136,11215,22351
MELBOURNE,1994,8,396788,393361,790149,70482,69829,140311,467270,463190,930460
PERTH,1994,8,102656,102070,204726,45538,42381,87919,148194,144451,292645
ROCKHAMPTON,1994,8,13070,13348,26418,0,0,0,13070,13348,26418
SUNSHINE COAST,1994,8,10955,10949,21904,0,0,0,10955,10949,21904
SYDNEY,1994,8,533927,510659,1044586,215225,231484,446709,749152,742143,1491295
TOWNSVILLE,1994,8,23996,25405,49401,95,186,281,24091,25591,49682
NEWCASTLE,1994,8,3586,3391,6977,0,0,0,3586,3391,6977
ADELAIDE,1994,9,138758,139962,278720,10106,8100,18206,148864,148062,296926
ALICE SPRINGS,1994,9,38606,39286,77892,0,0,0,38606,39286,77892
All Australian Airports,1994,9,2161239,2161239,4322478,466412,464745,931157,2627651,2625984,5253635
BALLINA,1994,9,3225,3159,6384,0,0,0,3225,3159,6384
BRISBANE,1994,9,293051,294848,587899,77212,69174,146386,370263,364022,734285
CAIRNS,1994,9,76023,78295,154318,25303,25074,50377,101326,103369,204695
CANBERRA,1994,9,68787,73663,142450,0,0,0,68787,73663,142450
DARWIN,1994,9,29169,30369,59538,6656,5657,12313,35825,36026,71851
GOLD COAST,1994,9,79541,84134,163675,0,0,0,79541,84134,163675
HAMILTON ISLAND,1994,9,15105,14215,29320,0,0,0,15105,14215,29320
HOBART,1994,9,35452,29866,65318,330,301,631,35782,30167,65949
KARRATHA,1994,9,8921,9039,17960,0,0,0,8921,9039,17960
LAUNCESTON,1994,9,24985,20709,45694,0,0,0,24985,20709,45694
MACKAY,1994,9,11921,12107,24028,0,0,0,11921,12107,24028
MELBOURNE,1994,9,430148,426165,856313,81325,77858,159183,511473,504023,1015496
PERTH,1994,9,112354,113911,226265,47137,43693,90830,159491,157604,317095
ROCKHAMPTON,1994,9,13303,13774,27077,0,0,0,13303,13774,27077
SUNSHINE COAST,1994,9,13243,12578,25821,0,0,0,13243,12578,25821
SYDNEY,1994,9,550655,546230,1096885,216559,233087,449646,767214,779317,1546531
TOWNSVILLE,1994,9,25542,26737,52279,144,207,351,25686,26944,52630
NEWCASTLE,1994,9,4254,4376,8630,0,0,0,4254,4376,8630
ADELAIDE,1994,10,148888,146708,295596,11592,7112,18704,160480,153820,314300
ALICE SPRINGS,1994,10,43295,45103,88398,0,0,0,43295,45103,88398
All Australian Airports,1994,10,2251862,2251862,4503724,543192,444819,988011,2795054,2696681,5491735
BALLINA,1994,10,3413,3418,6831,0,0,0,3413,3418,6831
BRISBANE,1994,10,296834,310598,607432,87520,68517,156037,384354,379115,763469
CAIRNS,1994,10,81518,87844,169362,29723,24847,54570,111241,112691,223932
CANBERRA,1994,10,74191,71497,145688,0,0,0,74191,71497,145688
DARWIN,1994,10,28695,30925,59620,7844,5312,13156,36539,36237,72776
GOLD COAST,1994,10,80122,93117,173239,0,0,0,80122,93117,173239
HAMILTON ISLAND,1994,10,17228,17065,34293,0,0,0,17228,17065,34293
HOBART,1994,10,32204,32180,64384,403,288,691,32607,32468,65075
KARRATHA,1994,10,8997,9161,18158,0,0,0,8997,9161,18158
LAUNCESTON,1994,10,21669,21869,43538,0,0,0,21669,21869,43538
MACKAY,1994,10,12205,12835,25040,0,0,0,12205,12835,25040
MELBOURNE,1994,10,446808,442173,888981,92148,69632,161780,538956,511805,1050761
PERTH,1994,10,121013,121598,242611,56081,42709,98790,177094,164307,341401
ROCKHAMPTON,1994,10,13834,13440,27274,0,0,0,13834,13440,27274
SUNSHINE COAST,1994,10,12847,13777,26624,0,0,0,12847,13777,26624
SYDNEY,1994,10,583664,553709,1137373,255703,224132,479835,839367,777841,1617208
TOWNSVILLE,1994,10,25241,25777,51018,232,223,455,25473,26000,51473
NEWCASTLE,1994,10,4796,4520,9316,0,0,0,4796,4520,9316
ADELAIDE,1994,11,143969,145559,289528,10131,8148,18279,154100,153707,307807
ALICE SPRINGS,1994,11,41663,42845,84508,0,0,0,41663,42845,84508
All Australian Airports,1994,11,2114914,2114914,4229828,468686,465186,933872,2583600,2580100,5163700
BALLINA,1994,11,2977,3126,6103,0,0,0,2977,3126,6103
BRISBANE,1994,11,266917,275553,542470,80028,68176,148204,346945,343729,690674
CAIRNS,1994,11,72940,75225,148165,26115,24753,50868,99055,99978,199033
CANBERRA,1994,11,75339,76369,151708,0,0,0,75339,76369,151708
DARWIN,1994,11,24458,26466,50924,5239,4999,10238,29697,31465,61162
GOLD COAST,1994,11,69415,81365,150780,0,0,0,69415,81365,150780
HAMILTON ISLAND,1994,11,15140,15588,30728,0,0,0,15140,15588,30728
HOBART,1994,11,32958,33135,66093,330,326,656,33288,33461,66749
KARRATHA,1994,11,9283,9283,18566,0,0,0,9283,9283,18566
LAUNCESTON,1994,11,22311,22485,44796,0,0,0,22311,22485,44796
MACKAY,1994,11,11225,11173,22398,0,0,0,11225,11173,22398
MELBOURNE,1994,11,429033,429990,859023,76058,74705,150763,505091,504695,1009786
PERTH,1994,11,110813,111922,222735,49611,45697,95308,160424,157619,318043
ROCKHAMPTON,1994,11,13115,13667,26782,0,0,0,13115,13667,26782
SUNSHINE COAST,1994,11,11021,11758,22779,0,0,0,11021,11758,22779
SYDNEY,1994,11,554134,521028,1075162,219107,236298,455405,773241,757326,1530567
TOWNSVILLE,1994,11,21707,22459,44166,0,0,0,21707,22459,44166
NEWCASTLE,1994,11,4540,4508,9048,0,0,0,4540,4508,9048
ADELAIDE,1994,12,129648,130232,259880,8966,10630,19596,138614,140862,279476
ALICE SPRINGS,1994,12,37948,39696,77644,0,0,0,37948,39696,77644
All Australian Airports,1994,12,2074197,2074197,4148394,516874,554602,1071476,2591071,2628799,5219870
BALLINA,1994,12,3666,3311,6977,0,0,0,3666,3311,6977
BRISBANE,1994,12,270677,271511,542188,90655,77883,168538,361332,349394,710726
CAIRNS,1994,12,68367,73212,141579,33156,24490,57646,101523,97702,199225
CANBERRA,1994,12,62105,67102,129207,0,0,0,62105,67102,129207
DARWIN,1994,12,23888,28703,52591,4935,6389,11324,28823,35092,63915
GOLD COAST,1994,12,85005,85410,170415,0,0,0,85005,85410,170415
HAMILTON ISLAND,1994,12,15122,13484,28606,0,0,0,15122,13484,28606
HOBART,1994,12,39520,32408,71928,411,400,811,39931,32808,72739
KARRATHA,1994,12,8105,9547,17652,0,0,0,8105,9547,17652
LAUNCESTON,1994,12,28123,23397,51520,0,0,0,28123,23397,51520
MACKAY,1994,12,10708,10970,21678,0,0,0,10708,10970,21678
MELBOURNE,1994,12,405538,423545,829083,83669,96860,180529,489207,520405,1009612
PERTH,1994,12,122209,112648,234857,55513,59132,114645,177722,171780,349502
ROCKHAMPTON,1994,12,12080,12223,24303,0,0,0,12080,12223,24303
SUNSHINE COAST,1994,12,12470,10847,23317,0,0,0,12470,10847,23317
SYDNEY,1994,12,530925,514940,1045865,237509,276787,514296,768434,791727,1560161
TOWNSVILLE,1994,12,21108,24132,45240,0,0,0,21108,24132,45240
NEWCASTLE,1994,12,4977,4961,9938,0,0,0,4977,4961,9938
ADELAIDE,1995,1,141302,143107,284409,11250,8889,20139,152552,151996,304548
ALICE SPRINGS,1995,1,39743,39947,79690,0,0,0,39743,39947,79690
All Australian Airports,1995,1,2198830,2198830,4397660,589329,519315,1108644,2788159,2718145,5506304
BALLINA,1995,1,3474,3861,7335,0,0,0,3474,3861,7335
BRISBANE,1995,1,282179,293581,575760,99263,75500,174763,381442,369081,750523
CAIRNS,1995,1,74221,77693,151914,29904,30614,60518,104125,108307,212432
CANBERRA,1995,1,55941,52362,108303,0,0,0,55941,52362,108303
DARWIN,1995,1,29177,26082,55259,6577,4999,11576,35754,31081,66835
GOLD COAST,1995,1,93084,111541,204625,0,0,0,93084,111541,204625
HAMILTON ISLAND,1995,1,14267,16750,31017,0,0,0,14267,16750,31017
HOBART,1995,1,40799,51917,92716,315,388,703,41114,52305,93419
KARRATHA,1995,1,8797,7957,16754,0,0,0,8797,7957,16754
LAUNCESTON,1995,1,31231,37351,68582,0,0,0,31231,37351,68582
MACKAY,1995,1,10797,11019,21816,0,0,0,10797,11019,21816
MELBOURNE,1995,1,458179,434940,893119,100753,84363,185116,558932,519303,1078235
PERTH,1995,1,122847,133939,256786,56244,50272,106516,179091,184211,363302
ROCKHAMPTON,1995,1,11965,11930,23895,0,0,0,11965,11930,23895
SUNSHINE COAST,1995,1,12592,14334,26926,0,0,0,12592,14334,26926
SYDNEY,1995,1,575303,537982,1113285,283194,262220,545414,858497,800202,1658699
TOWNSVILLE,1995,1,23165,21227,44392,0,0,0,23165,21227,44392
NEWCASTLE,1995,1,4751,4815,9566,0,0,0,4751,4815,9566
ADELAIDE,1995,2,126089,126934,253023,9130,6914,16044,135219,133848,269067
ALICE SPRINGS,1995,2,34020,34690,68710,0,0,0,34020,34690,68710
All Australian Airports,1995,2,1910419,1910419,3820838,490333,439366,929699,2400752,2349785,4750537
BALLINA,1995,2,2631,2694,5325,0,0,0,2631,2694,5325
BRISBANE,1995,2,237729,248934,486663,78074,66883,144957,315803,315817,631620
CAIRNS,1995,2,59194,61302,120496,23832,21971,45803,83026,83273,166299
CANBERRA,1995,2,70835,70595,141430,0,0,0,70835,70595,141430
DARWIN,1995,2,20428,20188,40616,4507,3675,8182,24935,23863,48798
GOLD COAST,1995,2,64304,74623,138927,0,0,0,64304,74623,138927
HAMILTON ISLAND,1995,2,10557,10561,21118,0,0,0,10557,10561,21118
HOBART,1995,2,36045,32600,68645,263,260,523,36308,32860,69168
KARRATHA,1995,2,6626,6641,13267,0,0,0,6626,6641,13267
LAUNCESTON,1995,2,26221,23481,49702,0,0,0,26221,23481,49702
MACKAY,1995,2,9456,9566,19022,0,0,0,9456,9566,19022
MELBOURNE,1995,2,408658,404102,812760,89076,71597,160673,497734,475699,973433
PERTH,1995,2,100977,102195,203172,49223,40143,89366,150200,142338,292538
ROCKHAMPTON,1995,2,10880,10644,21524,0,0,0,10880,10644,21524
SUNSHINE COAST,1995,2,8538,9123,17661,0,0,0,8538,9123,17661
SYDNEY,1995,2,498069,483910,981979,234727,226615,461342,732796,710525,1443321
TOWNSVILLE,1995,2,19211,18770,37981,0,0,0,19211,18770,37981
NEWCASTLE,1995,2,5242,5192,10434,0,0,0,5242,5192,10434
ADELAIDE,1995,3,136839,138455,275294,8120,9584,17704,144959,148039,292998
ALICE SPRINGS,1995,3,40831,41745,82576,0,0,0,40831,41745,82576
All Australian Airports,1995,3,2088894,2088894,4177788,466598,502616,969214,2555492,2591510,5147002
BALLINA,1995,3,2784,2889,5673,0,0,0,2784,2889,5673
BRISBANE,1995,3,260926,268517,529443,80033,72401,152434,340959,340918,681877
CAIRNS,1995,3,67160,66937,134097,25513,26678,52191,92673,93615,186288
CANBERRA,1995,3,77990,80762,158752,0,0,0,77990,80762,158752
DARWIN,1995,3,25186,25139,50325,4518,5061,9579,29704,30200,59904
GOLD COAST,1995,3,71790,75294,147084,0,0,0,71790,75294,147084
HAMILTON ISLAND,1995,3,11926,11876,23802,0,0,0,11926,11876,23802
HOBART,1995,3,35650,38498,74148,336,378,714,35986,38876,74862
KARRATHA,1995,3,8306,7989,16295,0,0,0,8306,7989,16295
LAUNCESTON,1995,3,25169,26507,51676,0,0,0,25169,26507,51676
MACKAY,1995,3,10818,11009,21827,0,0,0,10818,11009,21827
MELBOURNE,1995,3,435074,438384,873458,79406,86624,166030,514480,525008,1039488
PERTH,1995,3,109180,109118,218298,48580,51582,100162,157760,160700,318460
ROCKHAMPTON,1995,3,11814,12249,24063,0,0,0,11814,12249,24063
SUNSHINE COAST,1995,3,9495,9400,18895,0,0,0,9495,9400,18895
SYDNEY,1995,3,542935,518251,1061186,218138,248382,466520,761073,766633,1527706
TOWNSVILLE,1995,3,21727,21692,43419,0,0,0,21727,21692,43419
NEWCASTLE,1995,3,5987,6146,12133,0,0,0,5987,6146,12133
ADELAIDE,1995,4,137386,141225,278611,8398,8721,17119,145784,149946,295730
ALICE SPRINGS,1995,4,37469,38356,75825,0,0,0,37469,38356,75825
All Australian Airports,1995,4,2126236,2126236,4252472,469570,498096,967666,2595806,2624332,5220138
BALLINA,1995,4,3530,3368,6898,0,0,0,3530,3368,6898
BRISBANE,1995,4,277549,285040,562589,84830,71971,156801,362379,357011,719390
CAIRNS,1995,4,72917,73542,146459,23163,22810,45973,96080,96352,192432
CANBERRA,1995,4,71873,71989,143862,0,0,0,71873,71989,143862
DARWIN,1995,4,28278,28006,56284,5262,5140,10402,33540,33146,66686
GOLD COAST,1995,4,76334,84330,160664,0,0,0,76334,84330,160664
HAMILTON ISLAND,1995,4,13325,12885,26210,0,0,0,13325,12885,26210
HOBART,1995,4,33255,35933,69188,404,440,844,33659,36373,70032
KARRATHA,1995,4,7806,7945,15751,0,0,0,7806,7945,15751
LAUNCESTON,1995,4,24085,25435,49520,0,0,0,24085,25435,49520
MACKAY,1995,4,11488,11833,23321,0,0,0,11488,11833,23321
MELBOURNE,1995,4,427337,427434,854771,80703,90710,171413,508040,518144,1026184
PERTH,1995,4,112573,114823,227396,45465,48049,93514,158038,162872,320910
ROCKHAMPTON,1995,4,12847,12710,25557,0,0,0,12847,12710,25557
SUNSHINE COAST,1995,4,11737,11580,23317,0,0,0,11737,11580,23317
SYDNEY,1995,4,552118,526548,1078666,219521,248362,467883,771639,774910,1546549
TOWNSVILLE,1995,4,25594,25133,50727,0,0,0,25594,25133,50727
NEWCASTLE,1995,4,5927,5729,11656,0,0,0,5927,5729,11656
ADELAIDE,1995,5,132471,134087,266558,6882,8291,15173,139353,142378,281731
ALICE SPRINGS,1995,5,35508,36891,72399,0,0,0,35508,36891,72399
All Australian Airports,1995,5,1976056,1976056,3952112,407934,461791,869725,2383990,2437847,4821837
BALLINA,1995,5,2947,2834,5781,0,0,0,2947,2834,5781
BRISBANE,1995,5,258948,264902,523850,79655,68614,148269,338603,333516,672119
CAIRNS,1995,5,68019,66300,134319,21897,26443,48340,89916,92743,182659
CANBERRA,1995,5,73357,74767,148124,0,0,0,73357,74767,148124
DARWIN,1995,5,29330,28713,58043,5434,6081,11515,34764,34794,69558
GOLD COAST,1995,5,59104,67175,126279,0,0,0,59104,67175,126279
HAMILTON ISLAND,1995,5,9694,10181,19875,0,0,0,9694,10181,19875
HOBART,1995,5,28040,31188,59228,280,242,522,28320,31430,59750
KARRATHA,1995,5,7724,7562,15286,0,0,0,7724,7562,15286
LAUNCESTON,1995,5,18113,21027,39140,0,0,0,18113,21027,39140
MACKAY,1995,5,11016,10994,22010,0,0,0,11016,10994,22010
MELBOURNE,1995,5,397559,394730,792289,64658,78944,143602,462217,473674,935891
PERTH,1995,5,106272,106395,212667,39776,43116,82892,146048,149511,295559
ROCKHAMPTON,1995,5,11691,11830,23521,0,0,0,11691,11830,23521
SUNSHINE COAST,1995,5,9361,9542,18903,0,0,0,9361,9542,18903
SYDNEY,1995,5,512717,491402,1004119,187422,227984,415406,700139,719386,1419525
TOWNSVILLE,1995,5,24519,24646,49165,0,0,0,24519,24646,49165
NEWCASTLE,1995,5,5832,6117,11949,0,0,0,5832,6117,11949
ADELAIDE,1995,6,129631,132054,261685,7417,7651,15068,137048,139705,276753
ALICE SPRINGS,1995,6,35575,36416,71991,0,0,0,35575,36416,71991
All Australian Airports,1995,6,2020555,2020555,4041110,437595,461553,899148,2458150,2482108,4940258
BALLINA,1995,6,2949,2879,5828,0,0,0,2949,2879,5828
BRISBANE,1995,6,277201,286256,563457,86465,70079,156544,363666,356335,720001
CAIRNS,1995,6,75125,71846,146971,24090,23961,48051,99215,95807,195022
CANBERRA,1995,6,69250,72235,141485,0,0,0,69250,72235,141485
DARWIN,1995,6,33547,32492,66039,5685,6264,11949,39232,38756,77988
GOLD COAST,1995,6,67903,72478,140381,0,0,0,67903,72478,140381
HAMILTON ISLAND,1995,6,10141,10066,20207,0,0,0,10141,10066,20207
HOBART,1995,6,29867,28633,58500,202,184,386,30069,28817,58886
KARRATHA,1995,6,7118,7264,14382,0,0,0,7118,7264,14382
LAUNCESTON,1995,6,18877,18179,37056,0,0,0,18877,18179,37056
MACKAY,1995,6,12103,12034,24137,0,0,0,12103,12034,24137
MELBOURNE,1995,6,391865,399859,791724,68130,79019,147149,459995,478878,938873
PERTH,1995,6,103046,103368,206414,43904,49123,93027,146950,152491,299441
ROCKHAMPTON,1995,6,13144,12991,26135,0,0,0,13144,12991,26135
SUNSHINE COAST,1995,6,10477,9718,20195,0,0,0,10477,9718,20195
SYDNEY,1995,6,521979,502770,1024749,199692,223313,423005,721671,726083,1447754
TOWNSVILLE,1995,6,26370,25943,52313,0,0,0,26370,25943,52313
NEWCASTLE,1995,6,5456,5476,10932,0,0,0,5456,5476,10932
ADELAIDE,1995,7,147659,149930,297589,10092,9260,19352,157751,159190,316941
ALICE SPRINGS,1995,7,41492,42348,83840,0,0,0,41492,42348,83840
All Australian Airports,1995,7,2230135,2230135,4460270,576773,503218,1079991,2806908,2733353,5540261
BALLINA,1995,7,3055,2944,5999,0,0,0,3055,2944,5999
BRISBANE,1995,7,305198,309056,614254,98109,73814,171923,403307,382870,786177
CAIRNS,1995,7,90876,89119,179995,30610,27929,58539,121486,117048,238534
CANBERRA,1995,7,72153,71795,143948,0,0,0,72153,71795,143948
DARWIN,1995,7,42048,41687,83735,9227,7049,16276,51275,48736,100011
GOLD COAST,1995,7,82772,82004,164776,0,0,0,82772,82004,164776
HAMILTON ISLAND,1995,7,11666,10751,22417,0,0,0,11666,10751,22417
HOBART,1995,7,29081,30717,59798,272,238,510,29353,30955,60308
KARRATHA,1995,7,7846,7693,15539,0,0,0,7846,7693,15539
LAUNCESTON,1995,7,20202,20917,41119,0,0,0,20202,20917,41119
MACKAY,1995,7,12337,12092,24429,0,0,0,12337,12092,24429
MELBOURNE,1995,7,433361,433779,867140,94775,86375,181150,528136,520154,1048290
PERTH,1995,7,116730,117748,234478,53114,48441,101555,169844,166189,336033
ROCKHAMPTON,1995,7,13147,12971,26118,0,0,0,13147,12971,26118
SUNSHINE COAST,1995,7,13566,12529,26095,0,0,0,13566,12529,26095
SYDNEY,1995,7,565667,562116,1127783,278585,247937,526522,844252,810053,1654305
TOWNSVILLE,1995,7,28138,27315,55453,0,0,0,28138,27315,55453
NEWCASTLE,1995,7,4464,4441,8905,0,0,0,4464,4441,8905
ADELAIDE,1995,8,147918,147934,295852,8867,7549,16416,156785,155483,312268
ALICE SPRINGS,1995,8,42045,44070,86115,0,0,0,42045,44070,86115
All Australian Airports,1995,8,2259507,2259507,4519014,498982,518535,1017517,2758489,2778042,5536531
BALLINA,1995,8,3169,3236,6405,0,0,0,3169,3236,6405
BRISBANE,1995,8,305390,315380,620770,91244,83683,174927,396634,399063,795697
CAIRNS,1995,8,90472,90571,181043,33045,39441,72486,123517,130012,253529
CANBERRA,1995,8,75375,74635,150010,0,0,0,75375,74635,150010
DARWIN,1995,8,37504,40530,78034,6840,6716,13556,44344,47246,91590
GOLD COAST,1995,8,79757,84376,164133,0,0,0,79757,84376,164133
HAMILTON ISLAND,1995,8,11966,11858,23824,0,0,0,11966,11858,23824
HOBART,1995,8,29237,31191,60428,204,218,422,29441,31409,60850
KARRATHA,1995,8,6988,7259,14247,0,0,0,6988,7259,14247
LAUNCESTON,1995,8,20055,20504,40559,0,0,0,20055,20504,40559
MACKAY,1995,8,11963,12368,24331,0,0,0,11963,12368,24331
MELBOURNE,1995,8,443770,439737,883507,76367,75661,152028,520137,515398,1035535
PERTH,1995,8,116946,115421,232367,48664,45324,93988,165610,160745,326355
ROCKHAMPTON,1995,8,13386,13588,26974,0,0,0,13386,13588,26974
SUNSHINE COAST,1995,8,13069,12647,25716,0,0,0,13069,12647,25716
SYDNEY,1995,8,588848,569653,1158501,231847,258294,490141,820695,827947,1648642
TOWNSVILLE,1995,8,25666,27342,53008,0,0,0,25666,27342,53008
NEWCASTLE,1995,8,4109,3988,8097,0,0,0,4109,3988,8097
ADELAIDE,1995,9,150603,151487,302090,9803,7582,17385,160406,159069,319475
ALICE SPRINGS,1995,9,36924,37391,74315,0,0,0,36924,37391,74315
All Australian Airports,1995,9,2301857,2301857,4603714,494221,500676,994897,2796078,2802533,5598611
BALLINA,1995,9,3407,3108,6515,0,0,0,3407,3108,6515
BRISBANE,1995,9,313453,315160,628613,83374,77358,160732,396827,392518,789345
CAIRNS,1995,9,84618,81775,166393,24247,27552,51799,108865,109327,218192
CANBERRA,1995,9,74192,77120,151312,0,0,0,74192,77120,151312
DARWIN,1995,9,34211,35854,70065,6926,5676,12602,41137,41530,82667
GOLD COAST,1995,9,87079,86159,173238,0,0,0,87079,86159,173238
HAMILTON ISLAND,1995,9,14280,12851,27131,0,0,0,14280,12851,27131
HOBART,1995,9,37216,33490,70706,415,326,741,37631,33816,71447
KARRATHA,1995,9,6751,7139,13890,0,0,0,6751,7139,13890
LAUNCESTON,1995,9,25711,22720,48431,0,0,0,25711,22720,48431
MACKAY,1995,9,13213,13545,26758,0,0,0,13213,13545,26758
MELBOURNE,1995,9,459958,461115,921073,83638,84493,168131,543596,545608,1089204
PERTH,1995,9,120899,122117,243016,50028,47882,97910,170927,169999,340926
ROCKHAMPTON,1995,9,14940,14884,29824,0,0,0,14940,14884,29824
SUNSHINE COAST,1995,9,15648,14120,29768,0,0,0,15648,14120,29768
SYDNEY,1995,9,582416,586441,1168857,234139,248031,482170,816555,834472,1651027
TOWNSVILLE,1995,9,27400,28093,55493,0,0,0,27400,28093,55493
NEWCASTLE,1995,9,4179,4369,8548,0,0,0,4179,4369,8548
ADELAIDE,1995,10,158953,156003,314956,10182,7374,17556,169135,163377,332512
ALICE SPRINGS,1995,10,39287,40862,80149,0,0,0,39287,40862,80149
All Australian Airports,1995,10,2363451,2363451,4726902,574700,466206,1040906,2938151,2829657,5767808
BALLINA,1995,10,3216,3363,6579,0,0,0,3216,3363,6579
BRISBANE,1995,10,308709,321452,630161,93631,74338,167969,402340,395790,798130
CAIRNS,1995,10,84994,89513,174507,28282,25170,53452,113276,114683,227959
CANBERRA,1995,10,79465,76637,156102,0,0,0,79465,76637,156102
DARWIN,1995,10,31245,35621,66866,8257,4946,13203,39502,40567,80069
GOLD COAST,1995,10,82201,96568,178769,0,0,0,82201,96568,178769
HAMILTON ISLAND,1995,10,15700,16151,31851,0,0,0,15700,16151,31851
HOBART,1995,10,33985,34370,68355,343,199,542,34328,34569,68897
KARRATHA,1995,10,6944,6956,13900,0,0,0,6944,6956,13900
LAUNCESTON,1995,10,22689,23063,45752,0,0,0,22689,23063,45752
MACKAY,1995,10,12910,13126,26036,0,0,0,12910,13126,26036
MELBOURNE,1995,10,485851,468404,954255,97997,74702,172699,583848,543106,1126954
PERTH,1995,10,130937,132096,263033,60377,46042,106419,191314,178138,369452
ROCKHAMPTON,1995,10,14185,14358,28543,0,0,0,14185,14358,28543
SUNSHINE COAST,1995,10,14231,16057,30288,0,0,0,14231,16057,30288
SYDNEY,1995,10,610917,591021,1201938,273878,231775,505653,884795,822796,1707591
TOWNSVILLE,1995,10,25624,26804,52428,0,0,0,25624,26804,52428
NEWCASTLE,1995,10,4812,4636,9448,0,0,0,4812,4636,9448
ADELAIDE,1995,11,152432,152615,305047,9491,8875,18366,161923,161490,323413
ALICE SPRINGS,1995,11,32880,35204,68084,0,0,0,32880,35204,68084
All Australian Airports,1995,11,2257961,2257961,4515922,510998,506151,1017149,2768959,2764112,5533071
BALLINA,1995,11,3355,3366,6721,0,0,0,3355,3366,6721
BRISBANE,1995,11,290672,301560,592232,90382,75920,166302,381054,377480,758534
CAIRNS,1995,11,77845,78448,156293,27454,29454,56908,105299,107902,213201
CANBERRA,1995,11,79745,79723,159468,0,0,0,79745,79723,159468
DARWIN,1995,11,27905,29599,57504,5248,5084,10332,33153,34683,67836
GOLD COAST,1995,11,76753,84055,160808,0,0,0,76753,84055,160808
HAMILTON ISLAND,1995,11,14243,14556,28799,0,0,0,14243,14556,28799
HOBART,1995,11,34809,34422,69231,383,290,673,35192,34712,69904
KARRATHA,1995,11,6726,6680,13406,0,0,0,6726,6680,13406
LAUNCESTON,1995,11,23578,23482,47060,0,0,0,23578,23482,47060
MACKAY,1995,11,11926,12086,24012,0,0,0,11926,12086,24012
MELBOURNE,1995,11,469087,465139,934226,86126,85560,171686,555213,550699,1105912
PERTH,1995,11,116450,120142,236592,53531,47754,101285,169981,167896,337877
ROCKHAMPTON,1995,11,12973,13424,26397,0,0,0,12973,13424,26397
SUNSHINE COAST,1995,11,12946,13390,26336,0,0,0,12946,13390,26336
SYDNEY,1995,11,593657,570049,1163706,236645,251581,488226,830302,821630,1651932
TOWNSVILLE,1995,11,23221,24058,47279,0,0,0,23221,24058,47279
NEWCASTLE,1995,11,4782,4872,9654,0,0,0,4782,4872,9654
ADELAIDE,1995,12,142834,141746,284580,8044,9255,17299,150878,151001,301879
ALICE SPRINGS,1995,12,31749,33329,65078,0,0,0,31749,33329,65078
All Australian Airports,1995,12,2223827,2223827,4447654,564233,604419,1168652,2788060,2828246,5616306
BALLINA,1995,12,3844,3373,7217,0,0,0,3844,3373,7217
BRISBANE,1995,12,298663,297836,596499,101681,88025,189706,400344,385861,786205
CAIRNS,1995,12,73989,77551,151540,36612,27725,64337,110601,105276,215877
CANBERRA,1995,12,65897,70371,136268,0,0,0,65897,70371,136268
DARWIN,1995,12,26725,33796,60521,4552,5913,10465,31277,39709,70986
GOLD COAST,1995,12,90876,89259,180135,0,0,0,90876,89259,180135
HAMILTON ISLAND,1995,12,15390,13417,28807,0,0,0,15390,13417,28807
HOBART,1995,12,41906,36137,78043,431,351,782,42337,36488,78825
KARRATHA,1995,12,5383,6577,11960,0,0,0,5383,6577,11960
LAUNCESTON,1995,12,29792,24729,54521,0,0,0,29792,24729,54521
MACKAY,1995,12,12136,12333,24469,0,0,0,12136,12333,24469
MELBOURNE,1995,12,445480,457893,903373,87368,104109,191477,532848,562002,1094850
PERTH,1995,12,127770,121699,249469,60414,63789,124203,188184,185488,373672
ROCKHAMPTON,1995,12,12848,12665,25513,0,0,0,12848,12665,25513
SUNSHINE COAST,1995,12,14827,12865,27692,0,0,0,14827,12865,27692
SYDNEY,1995,12,568383,560400,1128783,262781,303388,566169,831164,863788,1694952
TOWNSVILLE,1995,12,23289,26330,49619,0,0,0,23289,26330,49619
NEWCASTLE,1995,12,4349,4450,8799,0,0,0,4349,4450,8799
ADELAIDE,1996,1,148309,148995,297304,9923,8637,18560,158232,157632,315864
ALICE SPRINGS,1996,1,33148,33223,66371,0,0,0,33148,33223,66371
All Australian Airports,1996,1,2298728,2298728,4597456,625708,558520,1184228,2924436,2857248,5781684
BALLINA,1996,1,3487,3834,7321,0,0,0,3487,3834,7321
BRISBANE,1996,1,299181,312988,612169,103570,81037,184607,402751,394025,796776
CAIRNS,1996,1,76236,77438,153674,30383,34522,64905,106619,111960,218579
CANBERRA,1996,1,59120,56616,115736,0,0,0,59120,56616,115736
DARWIN,1996,1,32836,27895,60731,6490,4978,11468,39326,32873,72199
GOLD COAST,1996,1,94027,113448,207475,0,0,0,94027,113448,207475
HAMILTON ISLAND,1996,1,15076,16985,32061,0,0,0,15076,16985,32061
HOBART,1996,1,41142,49856,90998,399,380,779,41541,50236,91777
KARRATHA,1996,1,6485,5533,12018,0,0,0,6485,5533,12018
LAUNCESTON,1996,1,31624,37300,68924,0,0,0,31624,37300,68924
MACKAY,1996,1,11896,12208,24104,0,0,0,11896,12208,24104
MELBOURNE,1996,1,487874,466951,954825,108197,90293,198490,596071,557244,1153315
PERTH,1996,1,128907,135913,264820,57567,51274,108841,186474,187187,373661
ROCKHAMPTON,1996,1,12450,12521,24971,0,0,0,12450,12521,24971
SUNSHINE COAST,1996,1,14056,16951,31007,0,0,0,14056,16951,31007
SYDNEY,1996,1,600024,567678,1167702,307460,285637,593097,907484,853315,1760799
TOWNSVILLE,1996,1,24488,22280,46768,0,0,0,24488,22280,46768
NEWCASTLE,1996,1,3953,3896,7849,0,0,0,3953,3896,7849
ADELAIDE,1996,2,133309,131541,264850,8401,6914,15315,141710,138455,280165
ALICE SPRINGS,1996,2,30510,31002,61512,0,0,0,30510,31002,61512
All Australian Airports,1996,2,2046935,2046935,4093870,565345,496045,1061390,2612280,2542980,5155260
BALLINA,1996,2,2965,3001,5966,0,0,0,2965,3001,5966
BRISBANE,1996,2,260881,269483,530364,93947,74180,168127,354828,343663,698491
CAIRNS,1996,2,65107,69158,134265,31926,27500,59426,97033,96658,193691
CANBERRA,1996,2,72348,72492,144840,0,0,0,72348,72492,144840
DARWIN,1996,2,24020,24256,48276,5082,3814,8896,29102,28070,57172
GOLD COAST,1996,2,69084,79201,148285,0,0,0,69084,79201,148285
HAMILTON ISLAND,1996,2,11531,11623,23154,0,0,0,11531,11623,23154
HOBART,1996,2,36606,33948,70554,363,295,658,36969,34243,71212
KARRATHA,1996,2,5922,5952,11874,0,0,0,5922,5952,11874
LAUNCESTON,1996,2,26932,25431,52363,0,0,0,26932,25431,52363
MACKAY,1996,2,9765,9898,19663,0,0,0,9765,9898,19663
MELBOURNE,1996,2,433680,433165,866845,98599,80253,178852,532279,513418,1045697
PERTH,1996,2,108427,110179,218606,57417,46466,103883,165844,156645,322489
ROCKHAMPTON,1996,2,11186,11232,22418,0,0,0,11186,11232,22418
SUNSHINE COAST,1996,2,10084,10195,20279,0,0,0,10084,10195,20279
SYDNEY,1996,2,544269,524412,1068681,268120,255137,523257,812389,779549,1591938
TOWNSVILLE,1996,2,19403,19430,38833,0,0,0,19403,19430,38833
NEWCASTLE,1996,2,4219,4245,8464,0,0,0,4219,4245,8464
ADELAIDE,1996,3,148208,151141,299349,8309,9248,17557,156517,160389,316906
ALICE SPRINGS,1996,3,34246,34574,68820,0,0,0,34246,34574,68820
All Australian Airports,1996,3,2235848,2235848,4471696,528958,570914,1099872,2764806,2806762,5571568
BALLINA,1996,3,3257,3254,6511,0,0,0,3257,3254,6511
BRISBANE,1996,3,284492,289672,574164,95488,78170,173658,379980,367842,747822
CAIRNS,1996,3,73806,73195,147001,28282,30739,59021,102088,103934,206022
CANBERRA,1996,3,76370,78231,154601,0,0,0,76370,78231,154601
DARWIN,1996,3,28009,27710,55719,4565,5297,9862,32574,33007,65581
GOLD COAST,1996,3,74305,80200,154505,0,0,0,74305,80200,154505
HAMILTON ISLAND,1996,3,12183,11941,24124,0,0,0,12183,11941,24124
HOBART,1996,3,35598,37936,73534,501,462,963,36099,38398,74497
KARRATHA,1996,3,6500,6567,13067,0,0,0,6500,6567,13067
LAUNCESTON,1996,3,26501,28833,55334,0,0,0,26501,28833,55334
MACKAY,1996,3,11583,11854,23437,0,0,0,11583,11854,23437
MELBOURNE,1996,3,466398,465559,931957,87813,95860,183673,554211,561419,1115630
PERTH,1996,3,122631,123264,245895,48592,53734,102326,171223,176998,348221
ROCKHAMPTON,1996,3,12300,12629,24929,0,0,0,12300,12629,24929
SUNSHINE COAST,1996,3,12194,11652,23846,0,0,0,12194,11652,23846
SYDNEY,1996,3,590658,568525,1159183,253767,295933,549700,844425,864458,1708883
TOWNSVILLE,1996,3,22722,22799,45521,0,0,0,22722,22799,45521
NEWCASTLE,1996,3,4497,4624,9121,0,0,0,4497,4624,9121
ADELAIDE,1996,4,150248,152846,303094,7834,9469,17303,158082,162315,320397
ALICE SPRINGS,1996,4,33591,34585,68176,0,0,0,33591,34585,68176
All Australian Airports,1996,4,2255828,2255828,4511656,523996,537998,1061994,2779824,2793826,5573650
BALLINA,1996,4,3511,3325,6836,0,0,0,3511,3325,6836
BRISBANE,1996,4,296080,308912,604992,95667,79327,174994,391747,388239,779986
CAIRNS,1996,4,78167,77360,155527,24457,25328,49785,102624,102688,205312
CANBERRA,1996,4,72713,71852,144565,0,0,0,72713,71852,144565
DARWIN,1996,4,31650,30573,62223,5085,5561,10646,36735,36134,72869
GOLD COAST,1996,4,78423,88413,166836,0,0,0,78423,88413,166836
HAMILTON ISLAND,1996,4,12587,12135,24722,0,0,0,12587,12135,24722
HOBART,1996,4,35830,36636,72466,344,264,608,36174,36900,73074
KARRATHA,1996,4,7161,6772,13933,0,0,0,7161,6772,13933
LAUNCESTON,1996,4,25442,25978,51420,0,0,0,25442,25978,51420
MACKAY,1996,4,12169,11804,23973,0,0,0,12169,11804,23973
MELBOURNE,1996,4,459532,461141,920673,84040,92566,176606,543572,553707,1097279
PERTH,1996,4,125635,126366,252001,51685,51397,103082,177320,177763,355083
ROCKHAMPTON,1996,4,12318,11980,24298,0,0,0,12318,11980,24298
SUNSHINE COAST,1996,4,12821,13063,25884,0,0,0,12821,13063,25884
SYDNEY,1996,4,588557,564143,1152700,253255,272400,525655,841812,836543,1678355
TOWNSVILLE,1996,4,25671,25038,50709,0,0,0,25671,25038,50709
NEWCASTLE,1996,4,4585,4508,9093,0,0,0,4585,4508,9093
ADELAIDE,1996,5,144829,147978,292807,6754,8634,15388,151583,156612,308195
ALICE SPRINGS,1996,5,31673,32690,64363,0,0,0,31673,32690,64363
All Australian Airports,1996,5,2142058,2142058,4284116,430732,485036,915768,2572790,2627094,5199884
BALLINA,1996,5,3446,3302,6748,0,0,0,3446,3302,6748
BRISBANE,1996,5,281985,287922,569907,81337,69689,151026,363322,357611,720933
CAIRNS,1996,5,70032,69662,139694,22935,26410,49345,92967,96072,189039
CANBERRA,1996,5,76221,78108,154329,0,0,0,76221,78108,154329
DARWIN,1996,5,34384,33072,67456,4855,5919,10774,39239,38991,78230
GOLD COAST,1996,5,65887,72725,138612,0,0,0,65887,72725,138612
HAMILTON ISLAND,1996,5,8549,9103,17652,0,0,0,8549,9103,17652
HOBART,1996,5,30035,34482,64517,164,190,354,30199,34672,64871
KARRATHA,1996,5,7319,7458,14777,0,0,0,7319,7458,14777
LAUNCESTON,1996,5,19044,22690,41734,0,0,0,19044,22690,41734
MACKAY,1996,5,12221,12536,24757,0,0,0,12221,12536,24757
MELBOURNE,1996,5,439984,437176,877160,69503,81521,151024,509487,518697,1028184
PERTH,1996,5,119061,118806,237867,40675,47602,88277,159736,166408,326144
ROCKHAMPTON,1996,5,12793,13090,25883,0,0,0,12793,13090,25883
SUNSHINE COAST,1996,5,10448,10510,20958,0,0,0,10448,10510,20958
SYDNEY,1996,5,560779,534332,1095111,202924,243565,446489,763703,777897,1541600
TOWNSVILLE,1996,5,24916,24705,49621,0,0,0,24916,24705,49621
NEWCASTLE,1996,5,4654,4832,9486,0,0,0,4654,4832,9486
ADELAIDE,1996,6,139574,139379,278953,7582,8188,15770,147156,147567,294723
ALICE SPRINGS,1996,6,33051,33400,66451,0,0,0,33051,33400,66451
All Australian Airports,1996,6,2151907,2151907,4303814,497238,539849,1037087,2649145,2691756,5340901
BALLINA,1996,6,3336,3123,6459,0,0,0,3336,3123,6459
BRISBANE,1996,6,293427,302965,596392,98750,82648,181398,392177,385613,777790
CAIRNS,1996,6,81708,78567,160275,27475,27172,54647,109183,105739,214922
CANBERRA,1996,6,68252,70177,138429,0,0,0,68252,70177,138429
DARWIN,1996,6,40002,38743,78745,6561,7062,13623,46563,45805,92368
GOLD COAST,1996,6,74480,80810,155290,0,0,0,74480,80810,155290
HAMILTON ISLAND,1996,6,10620,10125,20745,0,0,0,10620,10125,20745
HOBART,1996,6,32870,31590,64460,121,52,173,32991,31642,64633
KARRATHA,1996,6,6671,6790,13461,0,0,0,6671,6790,13461
LAUNCESTON,1996,6,21407,19638,41045,0,0,0,21407,19638,41045
MACKAY,1996,6,12104,11765,23869,0,0,0,12104,11765,23869
MELBOURNE,1996,6,424732,438331,863063,77280,90626,167906,502012,528957,1030969
PERTH,1996,6,115842,114795,230637,48176,56146,104322,164018,170941,334959
ROCKHAMPTON,1996,6,13556,13429,26985,0,0,0,13556,13429,26985
SUNSHINE COAST,1996,6,11494,10522,22016,0,0,0,11494,10522,22016
SYDNEY,1996,6,555042,536109,1091151,230043,266519,496562,785085,802628,1587713
TOWNSVILLE,1996,6,26821,26562,53383,0,0,0,26821,26562,53383
NEWCASTLE,1996,6,4300,4335,8635,0,0,0,4300,4335,8635
ADELAIDE,1996,7,155288,157919,313207,9575,9251,18826,164863,167170,332033
ALICE SPRINGS,1996,7,38742,39380,78122,0,0,0,38742,39380,78122
All Australian Airports,1996,7,2344926,2344926,4689852,600167,531934,1132101,2945093,2876860,5821953
BALLINA,1996,7,3285,3110,6395,0,0,0,3285,3110,6395
BRISBANE,1996,7,330130,332592,662722,110732,80327,191059,440862,412919,853781
CAIRNS,1996,7,91388,92139,183527,32453,29758,62211,123841,121897,245738
CANBERRA,1996,7,72252,70997,143249,0,0,0,72252,70997,143249
DARWIN,1996,7,44856,45234,90090,9164,7347,16511,54020,52581,106601
GOLD COAST,1996,7,80355,83312,163667,0,0,0,80355,83312,163667
HAMILTON ISLAND,1996,7,10396,10256,20652,0,0,0,10396,10256,20652
HOBART,1996,7,29754,31297,61051,0,0,0,29754,31297,61051
KARRATHA,1996,7,8310,8236,16546,0,0,0,8310,8236,16546
LAUNCESTON,1996,7,19295,20760,40055,0,0,0,19295,20760,40055
MACKAY,1996,7,12537,12452,24989,0,0,0,12537,12452,24989
MELBOURNE,1996,7,462384,455967,918351,96758,89717,186475,559142,545684,1104826
PERTH,1996,7,130701,134478,265179,58363,52150,110513,189064,186628,375692
ROCKHAMPTON,1996,7,13728,13217,26945,0,0,0,13728,13217,26945
SUNSHINE COAST,1996,7,13761,13116,26877,0,0,0,13761,13116,26877
SYDNEY,1996,7,596544,590137,1186681,282152,262393,544545,878696,852530,1731226
TOWNSVILLE,1996,7,29100,28922,58022,0,0,0,29100,28922,58022
NEWCASTLE,1996,7,4481,4529,9010,0,0,0,4481,4529,9010
ADELAIDE,1996,8,149788,149929,299717,8437,8076,16513,158225,158005,316230
ALICE SPRINGS,1996,8,38099,39335,77434,0,0,0,38099,39335,77434
All Australian Airports,1996,8,2305139,2305139,4610278,539877,566540,1106417,2845016,2871679,5716695
BALLINA,1996,8,3216,3134,6350,0,0,0,3216,3134,6350
BRISBANE,1996,8,321920,331578,653498,102494,94918,197412,424414,426496,850910
CAIRNS,1996,8,90716,91634,182350,33840,38961,72801,124556,130595,255151
CANBERRA,1996,8,71337,73443,144780,0,0,0,71337,73443,144780
DARWIN,1996,8,41127,44603,85730,6883,6830,13713,48010,51433,99443
GOLD COAST,1996,8,75248,83063,158311,0,0,0,75248,83063,158311
HAMILTON ISLAND,1996,8,11292,10070,21362,0,0,0,11292,10070,21362
HOBART,1996,8,30014,30832,60846,0,0,0,30014,30832,60846
KARRATHA,1996,8,7825,8041,15866,0,0,0,7825,8041,15866
LAUNCESTON,1996,8,19063,19360,38423,0,0,0,19063,19360,38423
MACKAY,1996,8,12097,12760,24857,0,0,0,12097,12760,24857
MELBOURNE,1996,8,456895,454376,911271,82905,83209,166114,539800,537585,1077385
PERTH,1996,8,130116,128089,258205,53259,51605,104864,183375,179694,363069
ROCKHAMPTON,1996,8,12803,13464,26267,0,0,0,12803,13464,26267
SUNSHINE COAST,1996,8,13931,13554,27485,0,0,0,13931,13554,27485
SYDNEY,1996,8,597005,570558,1167563,251048,282102,533150,848053,852660,1700713
TOWNSVILLE,1996,8,26156,27056,53212,0,0,0,26156,27056,53212
NEWCASTLE,1996,8,4354,4605,8959,0,0,0,4354,4605,8959
ADELAIDE,1996,9,153773,153299,307072,9246,8165,17411,163019,161464,324483
ALICE SPRINGS,1996,9,32840,33254,66094,0,0,0,32840,33254,66094
All Australian Airports,1996,9,2385737,2385737,4771474,543871,549898,1093769,2929608,2935635,5865243
BALLINA,1996,9,3811,3447,7258,0,0,0,3811,3447,7258
BRISBANE,1996,9,324587,332152,656739,95533,84563,180096,420120,416715,836835
CAIRNS,1996,9,84809,82387,167196,30631,30371,61002,115440,112758,228198
CANBERRA,1996,9,74392,73949,148341,0,0,0,74392,73949,148341
DARWIN,1996,9,34675,37258,71933,7525,6563,14088,42200,43821,86021
GOLD COAST,1996,9,86836,91157,177993,0,0,0,86836,91157,177993
HAMILTON ISLAND,1996,9,14400,13339,27739,0,0,0,14400,13339,27739
HOBART,1996,9,38964,35988,74952,0,0,0,38964,35988,74952
KARRATHA,1996,9,7553,7963,15516,0,0,0,7553,7963,15516
LAUNCESTON,1996,9,26035,23096,49131,0,0,0,26035,23096,49131
MACKAY,1996,9,13452,13109,26561,0,0,0,13452,13109,26561
MELBOURNE,1996,9,485791,493904,979695,95541,93994,189535,581332,587898,1169230
PERTH,1996,9,137265,139793,277058,55184,53068,108252,192449,192861,385310
ROCKHAMPTON,1996,9,13408,13731,27139,0,0,0,13408,13731,27139
SUNSHINE COAST,1996,9,16793,15351,32144,0,0,0,16793,15351,32144
SYDNEY,1996,9,609346,596393,1205739,248957,271738,520695,858303,868131,1726434
TOWNSVILLE,1996,9,27287,28934,56221,0,0,0,27287,28934,56221
NEWCASTLE,1996,9,4452,4506,8958,0,0,0,4452,4506,8958
ADELAIDE,1996,10,164815,161270,326085,10650,7256,17906,175465,168526,343991
ALICE SPRINGS,1996,10,38069,39508,77577,0,0,0,38069,39508,77577
All Australian Airports,1996,10,2485662,2485662,4971324,638351,516377,1154728,3124013,3002039,6126052
BALLINA,1996,10,4014,3957,7971,0,0,0,4014,3957,7971
BRISBANE,1996,10,337438,342842,680280,106508,82387,188895,443946,425229,869175
CAIRNS,1996,10,88644,93043,181687,30954,27523,58477,119598,120566,240164
CANBERRA,1996,10,80558,79687,160245,0,0,0,80558,79687,160245
DARWIN,1996,10,35080,38344,73424,9473,5901,15374,44553,44245,88798
GOLD COAST,1996,10,86219,98560,184779,0,0,0,86219,98560,184779
HAMILTON ISLAND,1996,10,15535,15640,31175,0,0,0,15535,15640,31175
HOBART,1996,10,35972,36021,71993,197,101,298,36169,36122,72291
KARRATHA,1996,10,8171,8129,16300,0,0,0,8171,8129,16300
LAUNCESTON,1996,10,24703,25145,49848,0,0,0,24703,25145,49848
MACKAY,1996,10,13263,13790,27053,0,0,0,13263,13790,27053
MELBOURNE,1996,10,509060,486071,995131,109375,82925,192300,618435,568996,1187431
PERTH,1996,10,140407,141991,282398,66160,49709,115869,206567,191700,398267
ROCKHAMPTON,1996,10,13488,13515,27003,0,0,0,13488,13515,27003
SUNSHINE COAST,1996,10,16529,17877,34406,0,0,0,16529,17877,34406
SYDNEY,1996,10,634084,628723,1262807,303599,259326,562925,937683,888049,1825732
TOWNSVILLE,1996,10,27777,28290,56067,0,0,0,27777,28290,56067
NEWCASTLE,1996,10,4618,4555,9173,0,0,0,4618,4555,9173
ADELAIDE,1996,11,144249,143144,287393,8254,7305,15559,152503,150449,302952
ALICE SPRINGS,1996,11,32440,33719,66159,0,0,0,32440,33719,66159
All Australian Airports,1996,11,2279292,2279292,4558584,573063,559022,1132085,2852355,2838314,5690669
BALLINA,1996,11,3522,3414,6936,0,0,0,3522,3414,6936
BRISBANE,1996,11,302115,307613,609728,99075,87672,186747,401190,395285,796475
CAIRNS,1996,11,79823,82382,162205,29871,28321,58192,109694,110703,220397
CANBERRA,1996,11,73848,75406,149254,0,0,0,73848,75406,149254
DARWIN,1996,11,30299,32596,62895,5723,5607,11330,36022,38203,74225
GOLD COAST,1996,11,73702,83214,156916,0,0,0,73702,83214,156916
HAMILTON ISLAND,1996,11,13613,14110,27723,0,0,0,13613,14110,27723
HOBART,1996,11,34797,34305,69102,415,302,717,35212,34607,69819
KARRATHA,1996,11,7183,7599,14782,0,0,0,7183,7599,14782
LAUNCESTON,1996,11,24594,24804,49398,0,0,0,24594,24804,49398
MACKAY,1996,11,12776,13120,25896,0,0,0,12776,13120,25896
MELBOURNE,1996,11,472650,469301,941951,96223,94909,191132,568873,564210,1133083
PERTH,1996,11,126040,129242,255282,58520,50944,109464,184560,180186,364746
ROCKHAMPTON,1996,11,12173,12729,24902,0,0,0,12173,12729,24902
SUNSHINE COAST,1996,11,13471,13907,27378,0,0,0,13471,13907,27378
SYDNEY,1996,11,599741,573076,1172817,273754,282651,556405,873495,855727,1729222
TOWNSVILLE,1996,11,23058,24447,47505,0,0,0,23058,24447,47505
NEWCASTLE,1996,11,4238,4310,8548,0,0,0,4238,4310,8548
ADELAIDE,1996,12,145333,144665,289998,8739,11016,19755,154072,155681,309753
ALICE SPRINGS,1996,12,30644,31974,62618,0,0,0,30644,31974,62618
All Australian Airports,1996,12,2299767,2299767,4599534,623712,664036,1287748,2923479,2963803,5887282
BALLINA,1996,12,4250,3708,7958,0,0,0,4250,3708,7958
BRISBANE,1996,12,313796,310693,624489,115270,98821,214091,429066,409514,838580
CAIRNS,1996,12,77275,81839,159114,41360,28224,69584,118635,110063,228698
CANBERRA,1996,12,66759,70630,137389,0,0,0,66759,70630,137389
DARWIN,1996,12,29026,35336,64362,5314,6289,11603,34340,41625,75965
GOLD COAST,1996,12,89221,87429,176650,214,249,463,89435,87678,177113
HAMILTON ISLAND,1996,12,15168,13321,28489,0,0,0,15168,13321,28489
HOBART,1996,12,42057,35976,78033,281,272,553,42338,36248,78586
KARRATHA,1996,12,6317,7346,13663,0,0,0,6317,7346,13663
LAUNCESTON,1996,12,29600,24342,53942,0,0,0,29600,24342,53942
MACKAY,1996,12,12244,12019,24263,0,0,0,12244,12019,24263
MELBOURNE,1996,12,459920,476422,936342,97452,113750,211202,557372,590172,1147544
PERTH,1996,12,141493,136891,278384,64288,68146,132434,205781,205037,410818
ROCKHAMPTON,1996,12,11968,11540,23508,0,0,0,11968,11540,23508
SUNSHINE COAST,1996,12,14325,12540,26865,0,0,0,14325,12540,26865
SYDNEY,1996,12,590321,581224,1171545,289507,335757,625264,879828,916981,1796809
TOWNSVILLE,1996,12,23277,25907,49184,0,0,0,23277,25907,49184
NEWCASTLE,1996,12,4196,3924,8120,0,0,0,4196,3924,8120
ADELAIDE,1997,1,144958,144443,289401,10628,8761,19389,155586,153204,308790
ALICE SPRINGS,1997,1,32573,32289,64862,0,0,0,32573,32289,64862
All Australian Airports,1997,1,2295584,2295584,4591168,675571,614026,1289597,2971155,2909610,5880765
BALLINA,1997,1,3864,4393,8257,0,0,0,3864,4393,8257
BRISBANE,1997,1,304682,317221,621903,108957,87504,196461,413639,404725,818364
CAIRNS,1997,1,77855,81359,159214,32539,35271,67810,110394,116630,227024
CANBERRA,1997,1,57361,54266,111627,0,0,0,57361,54266,111627
DARWIN,1997,1,33296,29278,62574,7370,4915,12285,40666,34193,74859
GOLD COAST,1997,1,89370,106764,196134,325,259,584,89695,107023,196718
HAMILTON ISLAND,1997,1,13764,16119,29883,0,0,0,13764,16119,29883
HOBART,1997,1,40017,48731,88748,382,302,684,40399,49033,89432
KARRATHA,1997,1,7618,6716,14334,0,0,0,7618,6716,14334
LAUNCESTON,1997,1,28945,34573,63518,0,0,0,28945,34573,63518
MACKAY,1997,1,11780,12062,23842,0,0,0,11780,12062,23842
MELBOURNE,1997,1,490272,462980,953252,116651,101626,218277,606923,564606,1171529
PERTH,1997,1,136130,143902,280032,64790,57369,122159,200920,201271,402191
ROCKHAMPTON,1997,1,11825,11851,23676,0,0,0,11825,11851,23676
SUNSHINE COAST,1997,1,12625,14396,27021,0,0,0,12625,14396,27021
SYDNEY,1997,1,594840,569281,1164121,332661,316742,649403,927501,886023,1813524
TOWNSVILLE,1997,1,24960,22144,47104,0,0,0,24960,22144,47104
NEWCASTLE,1997,1,3303,3371,6674,0,0,0,3303,3371,6674
ADELAIDE,1997,2,131677,132708,264385,9105,7659,16764,140782,140367,281149
ALICE SPRINGS,1997,2,29097,29145,58242,0,0,0,29097,29145,58242
All Australian Airports,1997,2,2053807,2053807,4107614,593466,525705,1119171,2647273,2579512,5226785
BALLINA,1997,2,3208,3245,6453,0,0,0,3208,3245,6453
BRISBANE,1997,2,262791,270093,532884,94212,75759,169971,357003,345852,702855
CAIRNS,1997,2,65064,69389,134453,34380,29328,63708,99444,98717,198161
CANBERRA,1997,2,72317,72166,144483,0,0,0,72317,72166,144483
DARWIN,1997,2,24562,24985,49547,5862,4474,10336,30424,29459,59883
GOLD COAST,1997,2,64336,75813,140149,0,0,0,64336,75813,140149
HAMILTON ISLAND,1997,2,10267,10584,20851,0,0,0,10267,10584,20851
HOBART,1997,2,35557,33118,68675,358,277,635,35915,33395,69310
KARRATHA,1997,2,6754,6773,13527,0,0,0,6754,6773,13527
LAUNCESTON,1997,2,25646,22929,48575,0,0,0,25646,22929,48575
MACKAY,1997,2,9964,10321,20285,0,0,0,9964,10321,20285
MELBOURNE,1997,2,439940,429472,869412,103647,87652,191299,543587,517124,1060711
PERTH,1997,2,112790,119145,231935,59244,49266,108510,172034,168411,340445
ROCKHAMPTON,1997,2,10882,10602,21484,0,0,0,10882,10602,21484
SUNSHINE COAST,1997,2,8861,9394,18255,0,0,0,8861,9394,18255
SYDNEY,1997,2,546975,529447,1076422,285878,270558,556436,832853,800005,1632858
TOWNSVILLE,1997,2,19422,19698,39120,0,0,0,19422,19698,39120
NEWCASTLE,1997,2,4198,4270,8468,0,0,0,4198,4270,8468
ADELAIDE,1997,3,153411,154423,307834,7810,9157,16967,161221,163580,324801
ALICE SPRINGS,1997,3,34207,34116,68323,0,0,0,34207,34116,68323
All Australian Airports,1997,3,2309410,2309410,4618820,582353,615104,1197457,2891763,2924514,5816277
BALLINA,1997,3,3974,3806,7780,0,0,0,3974,3806,7780
BRISBANE,1997,3,302861,308466,611327,107234,87129,194363,410095,395595,805690
CAIRNS,1997,3,76196,74764,150960,33010,32231,65241,109206,106995,216201
CANBERRA,1997,3,75382,77282,152664,0,0,0,75382,77282,152664
DARWIN,1997,3,29934,29394,59328,5300,5084,10384,35234,34478,69712
GOLD COAST,1997,3,71734,78215,149949,185,161,346,71919,78376,150295
HAMILTON ISLAND,1997,3,11988,10738,22726,0,0,0,11988,10738,22726
HOBART,1997,3,35699,38689,74388,422,343,765,36121,39032,75153
KARRATHA,1997,3,6535,6640,13175,0,0,0,6535,6640,13175
LAUNCESTON,1997,3,27434,29110,56544,0,0,0,27434,29110,56544
MACKAY,1997,3,12848,12426,25274,0,0,0,12848,12426,25274
MELBOURNE,1997,3,478645,483235,961880,96275,106030,202305,574920,589265,1164185
PERTH,1997,3,133314,129736,263050,56087,55135,111222,189401,184871,374272
ROCKHAMPTON,1997,3,13597,13575,27172,0,0,0,13597,13575,27172
SUNSHINE COAST,1997,3,11504,10666,22170,0,0,0,11504,10666,22170
SYDNEY,1997,3,603238,588405,1191643,275294,319162,594456,878532,907567,1786099
TOWNSVILLE,1997,3,23518,23507,47025,0,0,0,23518,23507,47025
NEWCASTLE,1997,3,4772,4828,9600,0,0,0,4772,4828,9600
ADELAIDE,1997,4,151003,155740,306743,7022,8848,15870,158025,164588,322613
ALICE SPRINGS,1997,4,29621,30223,59844,0,0,0,29621,30223,59844
All Australian Airports,1997,4,2265485,2265485,4530970,528376,564554,1092930,2793861,2830039,5623900
BALLINA,1997,4,3788,4066,7854,0,0,0,3788,4066,7854
BRISBANE,1997,4,295556,306040,601596,99095,82251,181346,394651,388291,782942
CAIRNS,1997,4,71587,72530,144117,26845,28141,54986,98432,100671,199103
CANBERRA,1997,4,73775,74194,147969,0,0,0,73775,74194,147969
DARWIN,1997,4,31657,30561,62218,5553,6492,12045,37210,37053,74263
GOLD COAST,1997,4,75958,84804,160762,449,373,822,76407,85177,161584
HAMILTON ISLAND,1997,4,10505,11187,21692,0,0,0,10505,11187,21692
HOBART,1997,4,33133,34898,68031,314,264,578,33447,35162,68609
KARRATHA,1997,4,7619,7524,15143,0,0,0,7619,7524,15143
LAUNCESTON,1997,4,24432,26150,50582,0,0,0,24432,26150,50582
MACKAY,1997,4,12414,12522,24936,0,0,0,12414,12522,24936
MELBOURNE,1997,4,467902,468045,935947,86028,99197,185225,553930,567242,1121172
PERTH,1997,4,132816,134398,267214,53115,56935,110050,185931,191333,377264
ROCKHAMPTON,1997,4,12868,13236,26104,0,0,0,12868,13236,26104
SUNSHINE COAST,1997,4,10505,11219,21724,0,0,0,10505,11219,21724
SYDNEY,1997,4,596787,562192,1158979,249148,281288,530436,845935,843480,1689415
TOWNSVILLE,1997,4,25327,24873,50200,0,0,0,25327,24873,50200
NEWCASTLE,1997,4,4807,4864,9671,0,0,0,4807,4864,9671
ADELAIDE,1997,5,144422,147578,292000,6472,9269,15741,150894,156847,307741
ALICE SPRINGS,1997,5,28870,29329,58199,0,0,0,28870,29329,58199
All Australian Airports,1997,5,2135558,2135558,4271116,477793,541424,1019217,2613351,2676982,5290333
BALLINA,1997,5,3736,3775,7511,0,0,0,3736,3775,7511
BRISBANE,1997,5,282468,289928,572396,90312,77163,167475,372780,367091,739871
CAIRNS,1997,5,69091,67065,136156,23866,25450,49316,92957,92515,185472
CANBERRA,1997,5,75050,76917,151967,0,0,0,75050,76917,151967
DARWIN,1997,5,34058,33699,67757,6220,6906,13126,40278,40605,80883
GOLD COAST,1997,5,62226,66099,128325,574,472,1046,62800,66571,129371
HAMILTON ISLAND,1997,5,9839,9709,19548,0,0,0,9839,9709,19548
HOBART,1997,5,28302,32251,60553,0,0,0,28302,32251,60553
KARRATHA,1997,5,7673,7755,15428,0,0,0,7673,7755,15428
LAUNCESTON,1997,5,17943,21830,39773,0,0,0,17943,21830,39773
MACKAY,1997,5,12030,12357,24387,0,0,0,12030,12357,24387
MELBOURNE,1997,5,436047,432638,868685,75808,92620,168428,511855,525258,1037113
PERTH,1997,5,121872,124384,246256,46133,55704,101837,168005,180088,348093
ROCKHAMPTON,1997,5,12759,12849,25608,0,0,0,12759,12849,25608
SUNSHINE COAST,1997,5,9398,8841,18239,0,0,0,9398,8841,18239
SYDNEY,1997,5,561428,536850,1098278,227584,273006,500590,789012,809856,1598868
TOWNSVILLE,1997,5,25108,24589,49697,18,0,18,25126,24589,49715
NEWCASTLE,1997,5,5387,5278,10665,0,0,0,5387,5278,10665
ADELAIDE,1997,6,139356,138779,278135,7375,7916,15291,146731,146695,293426
ALICE SPRINGS,1997,6,30129,31148,61277,0,0,0,30129,31148,61277
All Australian Airports,1997,6,2146095,2146095,4292190,519046,574214,1093260,2665141,2720309,5385450
BALLINA,1997,6,3737,3597,7334,0,0,0,3737,3597,7334
BRISBANE,1997,6,296936,305525,602461,98766,86173,184939,395702,391698,787400
CAIRNS,1997,6,80701,75630,156331,29619,27161,56780,110320,102791,213111
CANBERRA,1997,6,70147,72603,142750,0,0,0,70147,72603,142750
DARWIN,1997,6,39710,37658,77368,7396,8376,15772,47106,46034,93140
GOLD COAST,1997,6,68052,71457,139509,615,403,1018,68667,71860,140527
HAMILTON ISLAND,1997,6,10860,10639,21499,0,0,0,10860,10639,21499
HOBART,1997,6,31425,29195,60620,0,0,0,31425,29195,60620
KARRATHA,1997,6,7382,7458,14840,0,0,0,7382,7458,14840
LAUNCESTON,1997,6,20646,18695,39341,0,0,0,20646,18695,39341
MACKAY,1997,6,12883,12146,25029,0,0,0,12883,12146,25029
MELBOURNE,1997,6,420463,438864,859327,82678,102864,185542,503141,541728,1044869
PERTH,1997,6,117512,117053,234565,51540,58023,109563,169052,175076,344128
ROCKHAMPTON,1997,6,13249,13083,26332,0,0,0,13249,13083,26332
SUNSHINE COAST,1997,6,10544,9709,20253,0,0,0,10544,9709,20253
SYDNEY,1997,6,548641,535087,1083728,240325,282531,522856,788966,817618,1606584
TOWNSVILLE,1997,6,27355,26620,53975,36,40,76,27391,26660,54051
NEWCASTLE,1997,6,5297,5353,10650,0,0,0,5297,5353,10650
ADELAIDE,1997,7,155897,158530,314427,9937,9100,19037,165834,167630,333464
ALICE SPRINGS,1997,7,37414,37739,75153,0,0,0,37414,37739,75153
All Australian Airports,1997,7,2389183,2389183,4778366,684123,590935,1275058,3073306,2980118,6053424
BALLINA,1997,7,3623,3547,7170,0,0,0,3623,3547,7170
BRISBANE,1997,7,334381,338572,672953,122670,88011,210681,457051,426583,883634
CAIRNS,1997,7,92852,95613,188465,36984,32082,69066,129836,127695,257531
CANBERRA,1997,7,76298,74626,150924,0,0,0,76298,74626,150924
DARWIN,1997,7,45596,46459,92055,10262,8091,18353,55858,54550,110408
GOLD COAST,1997,7,74755,79729,154484,978,796,1774,75733,80525,156258
HAMILTON ISLAND,1997,7,11165,11634,22799,0,0,0,11165,11634,22799
HOBART,1997,7,29113,30577,59690,0,0,0,29113,30577,59690
KARRATHA,1997,7,8322,8435,16757,0,0,0,8322,8435,16757
LAUNCESTON,1997,7,17447,19072,36519,0,0,0,17447,19072,36519
MACKAY,1997,7,14198,14266,28464,0,0,0,14198,14266,28464
MELBOURNE,1997,7,479192,467589,946781,119075,101440,220515,598267,569029,1167296
PERTH,1997,7,134812,138041,272853,65967,59957,125924,200779,197998,398777
ROCKHAMPTON,1997,7,13548,13137,26685,0,0,0,13548,13137,26685
SUNSHINE COAST,1997,7,11881,11472,23353,0,0,0,11881,11472,23353
SYDNEY,1997,7,610691,601434,1212125,317284,290459,607743,927975,891893,1819868
TOWNSVILLE,1997,7,29062,28894,57956,24,37,61,29086,28931,58017
NEWCASTLE,1997,7,5565,5423,10988,0,0,0,5565,5423,10988
ADELAIDE,1997,8,157418,158429,315847,8846,7939,16785,166264,166368,332632
ALICE SPRINGS,1997,8,37971,39197,77168,0,0,0,37971,39197,77168
All Australian Airports,1997,8,2399677,2399677,4799354,561304,600551,1161855,2960981,3000228,5961209
BALLINA,1997,8,3603,3548,7151,0,0,0,3603,3548,7151
BRISBANE,1997,8,334573,344794,679367,102017,93788,195805,436590,438582,875172
CAIRNS,1997,8,94998,97259,192257,36031,41002,77033,131029,138261,269290
CANBERRA,1997,8,79828,79110,158938,0,0,0,79828,79110,158938
DARWIN,1997,8,41643,44231,85874,7594,8421,16015,49237,52652,101889
GOLD COAST,1997,8,74348,79993,154341,947,1052,1999,75295,81045,156340
HAMILTON ISLAND,1997,8,12454,11701,24155,0,0,0,12454,11701,24155
HOBART,1997,8,31597,32112,63709,0,0,0,31597,32112,63709
KARRATHA,1997,8,7819,7878,15697,0,0,0,7819,7878,15697
LAUNCESTON,1997,8,19480,18901,38381,0,0,0,19480,18901,38381
MACKAY,1997,8,12826,13225,26051,0,0,0,12826,13225,26051
MELBOURNE,1997,8,472068,478230,950298,89720,92333,182053,561788,570563,1132351
PERTH,1997,8,129733,129733,259466,56706,54534,111240,186439,184267,370706
ROCKHAMPTON,1997,8,13101,13576,26677,0,0,0,13101,13576,26677
SUNSHINE COAST,1997,8,12562,12114,24676,0,0,0,12562,12114,24676
SYDNEY,1997,8,624994,594655,1219649,258606,300659,559265,883600,895314,1778914
TOWNSVILLE,1997,8,27762,28913,56675,25,28,53,27787,28941,56728
NEWCASTLE,1997,8,5347,5313,10660,0,0,0,5347,5313,10660
ADELAIDE,1997,9,158593,158421,317014,8947,7789,16736,167540,166210,333750
ALICE SPRINGS,1997,9,32257,32087,64344,0,0,0,32257,32087,64344
All Australian Airports,1997,9,2406584,2406584,4813168,575532,572064,1147596,2982116,2978648,5960764
BALLINA,1997,9,4037,3862,7899,0,0,0,4037,3862,7899
BRISBANE,1997,9,329596,336518,666114,104607,89666,194273,434203,426184,860387
CAIRNS,1997,9,85222,83706,168928,30718,31126,61844,115940,114832,230772
CANBERRA,1997,9,78069,78954,157023,0,0,0,78069,78954,157023
DARWIN,1997,9,35047,36736,71783,9043,7457,16500,44090,44193,88283
GOLD COAST,1997,9,81137,83785,164922,993,1132,2125,82130,84917,167047
HAMILTON ISLAND,1997,9,14942,14225,29167,0,0,0,14942,14225,29167
HOBART,1997,9,37956,34440,72396,0,0,0,37956,34440,72396
KARRATHA,1997,9,7749,7993,15742,0,0,0,7749,7993,15742
LAUNCESTON,1997,9,25197,22397,47594,0,0,0,25197,22397,47594
MACKAY,1997,9,13571,13580,27151,0,0,0,13571,13580,27151
MELBOURNE,1997,9,488548,493405,981953,100665,97582,198247,589213,590987,1180200
PERTH,1997,9,136529,138861,275390,60945,57902,118847,197474,196763,394237
ROCKHAMPTON,1997,9,14007,14042,28049,0,0,0,14007,14042,28049
SUNSHINE COAST,1997,9,14334,12917,27251,0,0,0,14334,12917,27251
SYDNEY,1997,9,608760,603344,1212104,258736,278416,537152,867496,881760,1749256
TOWNSVILLE,1997,9,28341,28910,57251,3,26,29,28344,28936,57280
NEWCASTLE,1997,9,5464,5449,10913,0,0,0,5464,5449,10913
ADELAIDE,1997,10,175312,169698,345010,11139,7355,18494,186451,177053,363504
ALICE SPRINGS,1997,10,36062,37308,73370,0,0,0,36062,37308,73370
All Australian Airports,1997,10,2553594,2553594,5107188,672911,554111,1227022,3226505,3107705,6334210
BALLINA,1997,10,4494,4612,9106,0,0,0,4494,4612,9106
BRISBANE,1997,10,344002,353291,697293,114999,86137,201136,459001,439428,898429
CAIRNS,1997,10,89705,95400,185105,32609,28821,61430,122314,124221,246535
CANBERRA,1997,10,86407,84203,170610,0,0,0,86407,84203,170610
DARWIN,1997,10,34912,37788,72700,10056,7613,17669,44968,45401,90369
GOLD COAST,1997,10,83933,95218,179151,683,1005,1688,84616,96223,180839
HAMILTON ISLAND,1997,10,15993,16812,32805,0,0,0,15993,16812,32805
HOBART,1997,10,35852,35550,71402,0,0,0,35852,35550,71402
KARRATHA,1997,10,7436,7667,15103,0,0,0,7436,7667,15103
LAUNCESTON,1997,10,22551,23547,46098,0,0,0,22551,23547,46098
MACKAY,1997,10,13261,13787,27048,0,0,0,13261,13787,27048
MELBOURNE,1997,10,522230,503600,1025830,114239,89556,203795,636469,593156,1229625
PERTH,1997,10,144473,146741,291214,73624,54988,128612,218097,201729,419826
ROCKHAMPTON,1997,10,14018,14133,28151,0,0,0,14018,14133,28151
SUNSHINE COAST,1997,10,14595,15283,29878,0,0,0,14595,15283,29878
SYDNEY,1997,10,660321,646805,1307126,313920,277084,591004,974241,923889,1898130
TOWNSVILLE,1997,10,27971,29010,56981,0,3,3,27971,29013,56984
NEWCASTLE,1997,10,5812,5748,11560,0,0,0,5812,5748,11560
ADELAIDE,1997,11,153918,153107,307025,9446,8657,18103,163364,161764,325128
ALICE SPRINGS,1997,11,32025,33121,65146,0,0,0,32025,33121,65146
All Australian Airports,1997,11,2288842,2288842,4577684,594835,594323,1189158,2883677,2883165,5766842
BALLINA,1997,11,4227,4127,8354,0,0,0,4227,4127,8354
BRISBANE,1997,11,297122,305617,602739,103859,91334,195193,400981,396951,797932
CAIRNS,1997,11,76330,78768,155098,29527,31209,60736,105857,109977,215834
CANBERRA,1997,11,79183,80050,159233,0,0,0,79183,80050,159233
DARWIN,1997,11,28769,30854,59623,8166,6874,15040,36935,37728,74663
GOLD COAST,1997,11,70154,80093,150247,519,680,1199,70673,80773,151446
HAMILTON ISLAND,1997,11,14680,14655,29335,0,0,0,14680,14655,29335
HOBART,1997,11,33364,33208,66572,364,213,577,33728,33421,67149
KARRATHA,1997,11,7286,7191,14477,0,0,0,7286,7191,14477
LAUNCESTON,1997,11,22062,21860,43922,0,0,0,22062,21860,43922
MACKAY,1997,11,11737,11850,23587,0,0,0,11737,11850,23587
MELBOURNE,1997,11,475130,473813,948943,102028,98410,200438,577158,572223,1149381
PERTH,1997,11,125814,128641,254455,61527,58073,119600,187341,186714,374055
ROCKHAMPTON,1997,11,12855,13123,25978,0,0,0,12855,13123,25978
SUNSHINE COAST,1997,11,12966,13520,26486,0,0,0,12966,13520,26486
SYDNEY,1997,11,607857,582021,1189878,278196,297606,575802,886053,879627,1765680
TOWNSVILLE,1997,11,23465,23835,47300,0,0,0,23465,23835,47300
NEWCASTLE,1997,11,5184,5238,10422,0,0,0,5184,5238,10422
ADELAIDE,1997,12,149133,149448,298581,9168,10545,19713,158301,159993,318294
ALICE SPRINGS,1997,12,27581,29020,56601,0,0,0,27581,29020,56601
All Australian Airports,1997,12,2266256,2266256,4532512,608928,653606,1262534,2875184,2919862,5795046
BALLINA,1997,12,4760,4320,9080,0,0,0,4760,4320,9080
BRISBANE,1997,12,307253,301797,609050,109523,93734,203257,416776,395531,812307
CAIRNS,1997,12,72450,74704,147154,31897,25263,57160,104347,99967,204314
CANBERRA,1997,12,68427,71415,139842,0,0,0,68427,71415,139842
DARWIN,1997,12,27972,33784,61756,6232,7562,13794,34204,41346,75550
GOLD COAST,1997,12,80953,78875,159828,501,720,1221,81454,79595,161049
HAMILTON ISLAND,1997,12,14072,12329,26401,0,0,0,14072,12329,26401
HOBART,1997,12,41785,35638,77423,277,173,450,42062,35811,77873
KARRATHA,1997,12,6828,7869,14697,0,0,0,6828,7869,14697
LAUNCESTON,1997,12,25882,22108,47990,0,0,0,25882,22108,47990
MACKAY,1997,12,12054,11846,23900,0,0,0,12054,11846,23900
MELBOURNE,1997,12,454923,470480,925403,101490,115521,217011,556413,586001,1142414
PERTH,1997,12,140097,136468,276565,64357,67593,131950,204454,204061,408515
ROCKHAMPTON,1997,12,13756,13591,27347,0,0,0,13756,13591,27347
SUNSHINE COAST,1997,12,12900,11150,24050,0,0,0,12900,11150,24050
SYDNEY,1997,12,582263,573818,1156081,284415,331138,615553,866678,904956,1771634
TOWNSVILLE,1997,12,24021,26780,50801,0,0,0,24021,26780,50801
NEWCASTLE,1997,12,5431,5354,10785,0,0,0,5431,5354,10785
ADELAIDE,1998,1,150165,149693,299858,9797,9124,18921,159962,158817,318779
ALICE SPRINGS,1998,1,33147,32680,65827,0,0,0,33147,32680,65827
All Australian Airports,1998,1,2318659,2318659,4637318,680064,614301,1294365,2998723,2932960,5931683
BALLINA,1998,1,4212,4808,9020,0,0,0,4212,4808,9020
BRISBANE,1998,1,303092,315031,618123,110236,88854,199090,413328,403885,817213
CAIRNS,1998,1,72359,76673,149032,27675,31286,58961,100034,107959,207993
CANBERRA,1998,1,60547,57301,117848,0,0,0,60547,57301,117848
DARWIN,1998,1,32729,28959,61688,8208,5963,14171,40937,34922,75859
GOLD COAST,1998,1,89955,105653,195608,738,620,1358,90693,106273,196966
HAMILTON ISLAND,1998,1,14012,15894,29906,0,0,0,14012,15894,29906
HOBART,1998,1,40907,48897,89804,341,390,731,41248,49287,90535
KARRATHA,1998,1,7504,6822,14326,0,0,0,7504,6822,14326
LAUNCESTON,1998,1,28926,33251,62177,0,0,0,28926,33251,62177
MACKAY,1998,1,11748,12244,23992,0,0,0,11748,12244,23992
MELBOURNE,1998,1,500778,476022,976800,121117,103614,224731,621895,579636,1201531
PERTH,1998,1,141481,148950,290431,67064,59051,126115,208545,208001,416546
ROCKHAMPTON,1998,1,12974,13060,26034,0,0,0,12974,13060,26034
SUNSHINE COAST,1998,1,13151,14969,28120,0,0,0,13151,14969,28120
SYDNEY,1998,1,591969,570689,1162658,333694,314093,647787,925663,884782,1810445
TOWNSVILLE,1998,1,24561,22106,46667,0,0,0,24561,22106,46667
NEWCASTLE,1998,1,5085,5069,10154,0,0,0,5085,5069,10154
ADELAIDE,1998,2,142826,140739,283565,9706,7361,17067,152532,148100,300632
ALICE SPRINGS,1998,2,26371,26918,53289,0,0,0,26371,26918,53289
All Australian Airports,1998,2,2047282,2047282,4094564,568733,515811,1084544,2616015,2563093,5179108
BALLINA,1998,2,3534,3586,7120,0,0,0,3534,3586,7120
BRISBANE,1998,2,252925,260754,513679,88436,73730,162166,341361,334484,675845
CAIRNS,1998,2,57867,60301,118168,26265,26337,52602,84132,86638,170770
CANBERRA,1998,2,74366,74134,148500,0,0,0,74366,74134,148500
DARWIN,1998,2,25242,25682,50924,6326,5503,11829,31568,31185,62753
GOLD COAST,1998,2,61736,69975,131711,410,371,781,62146,70346,132492
HAMILTON ISLAND,1998,2,9322,9293,18615,0,0,0,9322,9293,18615
HOBART,1998,2,36345,35050,71395,369,340,709,36714,35390,72104
KARRATHA,1998,2,6396,6823,13219,0,0,0,6396,6823,13219
LAUNCESTON,1998,2,25372,23817,49189,0,0,0,25372,23817,49189
MACKAY,1998,2,9731,10133,19864,0,0,0,9731,10133,19864
MELBOURNE,1998,2,440967,444971,885938,105516,85925,191441,546483,530896,1077379
PERTH,1998,2,115803,116812,232615,57027,48614,105641,172830,165426,338256
ROCKHAMPTON,1998,2,11743,11680,23423,0,0,0,11743,11680,23423
SUNSHINE COAST,1998,2,8703,8739,17442,0,0,0,8703,8739,17442
SYDNEY,1998,2,541948,520928,1062876,273642,266739,540381,815590,787667,1603257
TOWNSVILLE,1998,2,21132,21103,42235,0,0,0,21132,21103,42235
NEWCASTLE,1998,2,4750,4648,9398,0,0,0,4750,4648,9398
ADELAIDE,1998,3,164076,167815,331891,7992,9944,17936,172068,177759,349827
ALICE SPRINGS,1998,3,31632,31206,62838,0,0,0,31632,31206,62838
All Australian Airports,1998,3,2320728,2320728,4641456,535256,573299,1108555,2855984,2894027,5750011
BALLINA,1998,3,3900,3864,7764,0,0,0,3900,3864,7764
BRISBANE,1998,3,288618,298000,586618,88967,74306,163273,377585,372306,749891
CAIRNS,1998,3,71383,68891,140274,27306,27910,55216,98689,96801,195490
CANBERRA,1998,3,81845,81996,163841,0,0,0,81845,81996,163841
DARWIN,1998,3,30567,29373,59940,6402,6792,13194,36969,36165,73134
GOLD COAST,1998,3,67753,73685,141438,551,484,1035,68304,74169,142473
HAMILTON ISLAND,1998,3,10591,10181,20772,0,0,0,10591,10181,20772
HOBART,1998,3,37497,40030,77527,397,282,679,37894,40312,78206
KARRATHA,1998,3,7788,7400,15188,0,0,0,7788,7400,15188
LAUNCESTON,1998,3,25806,27440,53246,0,0,0,25806,27440,53246
MACKAY,1998,3,12238,11908,24146,0,0,0,12238,11908,24146
MELBOURNE,1998,3,493748,494423,988171,95787,102633,198420,589535,597056,1186591
PERTH,1998,3,136798,136160,272958,54942,57670,112612,191740,193830,385570
ROCKHAMPTON,1998,3,13134,13023,26157,0,0,0,13134,13023,26157
SUNSHINE COAST,1998,3,10240,10183,20423,0,0,0,10240,10183,20423
SYDNEY,1998,3,604768,588578,1193346,251781,292178,543959,856549,880756,1737305
TOWNSVILLE,1998,3,24351,23782,48133,0,0,0,24351,23782,48133
NEWCASTLE,1998,3,5573,5594,11167,0,0,0,5573,5594,11167
ADELAIDE,1998,4,156137,159116,315253,7889,9719,17608,164026,168835,332861
ALICE SPRINGS,1998,4,31362,32521,63883,0,0,0,31362,32521,63883
All Australian Airports,1998,4,2313393,2313393,4626786,564847,602595,1167442,2878240,2915988,5794228
BALLINA,1998,4,4291,4380,8671,0,0,0,4291,4380,8671
BRISBANE,1998,4,303139,310420,613559,97343,83832,181175,400482,394252,794734
CAIRNS,1998,4,77836,77747,155583,24192,26198,50390,102028,103945,205973
CANBERRA,1998,4,74668,76918,151586,0,0,0,74668,76918,151586
DARWIN,1998,4,32851,32190,65041,6409,6701,13110,39260,38891,78151
GOLD COAST,1998,4,72419,78729,151148,790,673,1463,73209,79402,152611
HAMILTON ISLAND,1998,4,11649,11882,23531,0,0,0,11649,11882,23531
HOBART,1998,4,35652,37527,73179,301,270,571,35953,37797,73750
KARRATHA,1998,4,7888,7894,15782,0,0,0,7888,7894,15782
LAUNCESTON,1998,4,22194,23360,45554,0,0,0,22194,23360,45554
MACKAY,1998,4,11594,11837,23431,0,0,0,11594,11837,23431
MELBOURNE,1998,4,470577,473301,943878,94513,102869,197382,565090,576170,1141260
PERTH,1998,4,137112,137159,274271,57655,60635,118290,194767,197794,392561
ROCKHAMPTON,1998,4,12614,12546,25160,0,0,0,12614,12546,25160
SUNSHINE COAST,1998,4,10479,10332,20811,0,0,0,10479,10332,20811
SYDNEY,1998,4,611502,583922,1195424,274438,310537,584975,885940,894459,1780399
TOWNSVILLE,1998,4,26027,25882,51909,0,0,0,26027,25882,51909
NEWCASTLE,1998,4,5674,5624,11298,0,0,0,5674,5624,11298
ADELAIDE,1998,5,152938,155393,308331,6504,9856,16360,159442,165249,324691
ALICE SPRINGS,1998,5,29174,29968,59142,0,0,0,29174,29968,59142
All Australian Airports,1998,5,2209356,2209356,4418712,500921,563877,1064798,2710277,2773233,5483510
BALLINA,1998,5,3768,3968,7736,0,0,0,3768,3968,7736
BRISBANE,1998,5,289799,296055,585854,91434,77609,169043,381233,373664,754897
CAIRNS,1998,5,68873,68790,137663,22471,24708,47179,91344,93498,184842
CANBERRA,1998,5,78987,79605,158592,0,0,0,78987,79605,158592
DARWIN,1998,5,35874,34887,70761,5698,6820,12518,41572,41707,83279
GOLD COAST,1998,5,62832,66409,129241,544,439,983,63376,66848,130224
HAMILTON ISLAND,1998,5,10144,10431,20575,0,0,0,10144,10431,20575
HOBART,1998,5,30091,33989,64080,0,0,0,30091,33989,64080
KARRATHA,1998,5,7990,7995,15985,0,0,0,7990,7995,15985
LAUNCESTON,1998,5,17604,21092,38696,0,0,0,17604,21092,38696
MACKAY,1998,5,11750,11783,23533,0,0,0,11750,11783,23533
MELBOURNE,1998,5,454984,454741,909725,83776,98646,182422,538760,553387,1092147
PERTH,1998,5,128940,129414,258354,51800,59566,111366,180740,188980,369720
ROCKHAMPTON,1998,5,12435,12470,24905,0,0,0,12435,12470,24905
SUNSHINE COAST,1998,5,9503,9377,18880,0,0,0,9503,9377,18880
SYDNEY,1998,5,579859,556772,1136631,237662,285122,522784,817521,841894,1659415
TOWNSVILLE,1998,5,27227,26801,54028,0,0,0,27227,26801,54028
NEWCASTLE,1998,5,5439,5639,11078,0,0,0,5439,5639,11078
ADELAIDE,1998,6,150029,149428,299457,8000,7770,15770,158029,157198,315227
ALICE SPRINGS,1998,6,32203,32243,64446,0,0,0,32203,32243,64446
All Australian Airports,1998,6,2223474,2223474,4446948,530216,566970,1097186,2753690,2790444,5544134
BALLINA,1998,6,3905,3696,7601,0,0,0,3905,3696,7601
BRISBANE,1998,6,306452,315587,622039,104819,90178,194997,411271,405765,817036
CAIRNS,1998,6,79727,76406,156133,26771,26235,53006,106498,102641,209139
CANBERRA,1998,6,72745,74833,147578,0,0,0,72745,74833,147578
DARWIN,1998,6,41936,40494,82430,6687,7827,14514,48623,48321,96944
GOLD COAST,1998,6,68903,70153,139056,482,357,839,69385,70510,139895
HAMILTON ISLAND,1998,6,10322,9735,20057,0,0,0,10322,9735,20057
HOBART,1998,6,32842,30226,63068,0,0,0,32842,30226,63068
KARRATHA,1998,6,8102,8117,16219,0,0,0,8102,8117,16219
LAUNCESTON,1998,6,19626,18415,38041,0,0,0,19626,18415,38041
MACKAY,1998,6,12681,11942,24623,0,0,0,12681,11942,24623
MELBOURNE,1998,6,438085,461836,899921,89343,102028,191371,527428,563864,1091292
PERTH,1998,6,121726,121980,243706,54037,57758,111795,175763,179738,355501
ROCKHAMPTON,1998,6,12959,13008,25967,0,0,0,12959,13008,25967
SUNSHINE COAST,1998,6,9642,8775,18417,0,0,0,9642,8775,18417
SYDNEY,1998,6,573156,552223,1125379,239365,274032,513397,812521,826255,1638776
TOWNSVILLE,1998,6,29237,28583,57820,0,0,0,29237,28583,57820
NEWCASTLE,1998,6,5478,5479,10957,0,0,0,5478,5479,10957
ADELAIDE,1998,7,164490,166086,330576,9833,9558,19391,174323,175644,349967
ALICE SPRINGS,1998,7,37719,38431,76150,0,0,0,37719,38431,76150
All Australian Airports,1998,7,2410901,2410901,4821802,664791,582535,1247326,3075692,2993436,6069128
BALLINA,1998,7,4153,4182,8335,0,0,0,4153,4182,8335
BRISBANE,1998,7,327964,330531,658495,113943,84057,198000,441907,414588,856495
CAIRNS,1998,7,91917,93617,185534,33275,31711,64986,125192,125328,250520
CANBERRA,1998,7,76702,76187,152889,0,0,0,76702,76187,152889
DARWIN,1998,7,48062,47754,95816,10596,8064,18660,58658,55818,114476
GOLD COAST,1998,7,74981,75309,150290,574,611,1185,75555,75920,151475
HAMILTON ISLAND,1998,7,11018,11210,22228,0,0,0,11018,11210,22228
HOBART,1998,7,28182,29384,57566,0,0,0,28182,29384,57566
KARRATHA,1998,7,9007,9162,18169,0,0,0,9007,9162,18169
LAUNCESTON,1998,7,16108,17253,33361,0,0,0,16108,17253,33361
MACKAY,1998,7,11802,12012,23814,0,0,0,11802,12012,23814
MELBOURNE,1998,7,482453,467373,949826,117443,101011,218454,599896,568384,1168280
PERTH,1998,7,140351,141494,281845,64652,56857,121509,205003,198351,403354
ROCKHAMPTON,1998,7,12682,12500,25182,0,0,0,12682,12500,25182
SUNSHINE COAST,1998,7,11842,10998,22840,0,0,0,11842,10998,22840
SYDNEY,1998,7,618383,621756,1240139,313591,289897,603488,931974,911653,1843627
TOWNSVILLE,1998,7,30290,29851,60141,0,0,0,30290,29851,60141
NEWCASTLE,1998,7,6190,6238,12428,0,0,0,6190,6238,12428
ADELAIDE,1998,8,158031,157422,315453,10037,9176,19213,168068,166598,334666
ALICE SPRINGS,1998,8,38125,39187,77312,0,0,0,38125,39187,77312
All Australian Airports,1998,8,2368495,2368495,4736990,581496,621787,1203283,2949991,2990282,5940273
BALLINA,1998,8,3836,3835,7671,0,0,0,3836,3835,7671
BRISBANE,1998,8,321383,331148,652531,102931,98576,201507,424314,429724,854038
CAIRNS,1998,8,93389,94942,188331,32697,37490,70187,126086,132432,258518
CANBERRA,1998,8,76727,77140,153867,0,0,0,76727,77140,153867
DARWIN,1998,8,43822,45405,89227,8462,9191,17653,52284,54596,106880
GOLD COAST,1998,8,72977,78694,151671,1087,785,1872,74064,79479,153543
HAMILTON ISLAND,1998,8,11658,11401,23059,0,0,0,11658,11401,23059
HOBART,1998,8,30315,30805,61120,0,0,0,30315,30805,61120
KARRATHA,1998,8,8307,8389,16696,0,0,0,8307,8389,16696
LAUNCESTON,1998,8,17931,17752,35683,0,0,0,17931,17752,35683
MACKAY,1998,8,12164,12537,24701,0,0,0,12164,12537,24701
MELBOURNE,1998,8,462586,469214,931800,94701,99351,194052,557287,568565,1125852
PERTH,1998,8,132724,132369,265093,58803,58496,117299,191527,190865,382392
ROCKHAMPTON,1998,8,12733,12676,25409,0,0,0,12733,12676,25409
SUNSHINE COAST,1998,8,12766,12284,25050,0,0,0,12766,12284,25050
SYDNEY,1998,8,615571,588548,1204119,271953,307922,579875,887524,896470,1783994
TOWNSVILLE,1998,8,28392,29369,57761,0,0,0,28392,29369,57761
NEWCASTLE,1998,8,6063,6069,12132,0,0,0,6063,6069,12132
ADELAIDE,1998,9,164203,164211,328414,10092,8787,18879,174295,172998,347293
ALICE SPRINGS,1998,9,33963,34904,68867,0,0,0,33963,34904,68867
All Australian Airports,1998,9,2418346,2418346,4836692,601615,591979,1193594,3019961,3010325,6030286
BALLINA,1998,9,4016,3916,7932,0,0,0,4016,3916,7932
BRISBANE,1998,9,329154,334110,663264,104107,92608,196715,433261,426718,859979
CAIRNS,1998,9,87461,86458,173919,30545,31604,62149,118006,118062,236068
CANBERRA,1998,9,74091,75339,149430,0,0,0,74091,75339,149430
DARWIN,1998,9,37328,39354,76682,8828,7915,16743,46156,47269,93425
GOLD COAST,1998,9,79906,80451,160357,930,855,1785,80836,81306,162142
HAMILTON ISLAND,1998,9,13941,13071,27012,0,0,0,13941,13071,27012
HOBART,1998,9,38341,34036,72377,0,0,0,38341,34036,72377
KARRATHA,1998,9,8050,8288,16338,0,0,0,8050,8288,16338
LAUNCESTON,1998,9,22709,19741,42450,0,0,0,22709,19741,42450
MACKAY,1998,9,12546,12669,25215,0,0,0,12546,12669,25215
MELBOURNE,1998,9,489612,491907,981519,106918,103303,210221,596530,595210,1191740
PERTH,1998,9,139120,140113,279233,63312,58014,121326,202432,198127,400559
ROCKHAMPTON,1998,9,13018,12876,25894,0,0,0,13018,12876,25894
SUNSHINE COAST,1998,9,14045,13277,27322,0,0,0,14045,13277,27322
SYDNEY,1998,9,613629,610552,1224181,276052,288125,564177,889681,898677,1788358
TOWNSVILLE,1998,9,28637,29899,58536,0,0,0,28637,29899,58536
NEWCASTLE,1998,9,6212,6274,12486,0,0,0,6212,6274,12486
ADELAIDE,1998,10,176572,173558,350130,11855,9352,21207,188427,182910,371337
ALICE SPRINGS,1998,10,37927,38936,76863,0,0,0,37927,38936,76863
All Australian Airports,1998,10,2571842,2571842,5143684,692703,586039,1278742,3264545,3157881,6422426
BALLINA,1998,10,4588,4626,9214,0,0,0,4588,4626,9214
BRISBANE,1998,10,343469,349893,693362,110046,90793,200839,453515,440686,894201
CAIRNS,1998,10,92876,98072,190948,29962,28735,58697,122838,126807,249645
CANBERRA,1998,10,80642,78802,159444,0,0,0,80642,78802,159444
DARWIN,1998,10,36891,40490,77381,10497,7673,18170,47388,48163,95551
GOLD COAST,1998,10,86990,94627,181617,692,879,1571,87682,95506,183188
HAMILTON ISLAND,1998,10,15711,16111,31822,0,0,0,15711,16111,31822
HOBART,1998,10,37514,38036,75550,0,0,0,37514,38036,75550
KARRATHA,1998,10,8296,8404,16700,0,0,0,8296,8404,16700
LAUNCESTON,1998,10,22488,22863,45351,0,0,0,22488,22863,45351
MACKAY,1998,10,11843,12620,24463,0,0,0,11843,12620,24463
MELBOURNE,1998,10,528288,507857,1036145,126780,104283,231063,655068,612140,1267208
PERTH,1998,10,144757,147642,292399,73330,59697,133027,218087,207339,425426
ROCKHAMPTON,1998,10,12898,13601,26499,0,0,0,12898,13601,26499
SUNSHINE COAST,1998,10,14518,15064,29582,0,0,0,14518,15064,29582
SYDNEY,1998,10,667250,657918,1325168,328457,283591,612048,995707,941509,1937216
TOWNSVILLE,1998,10,28168,28958,57126,23,42,65,28191,29000,57191
NEWCASTLE,1998,10,6613,6629,13242,0,0,0,6613,6629,13242
ADELAIDE,1998,11,157658,154120,311778,10534,8372,18906,168192,162492,330684
ALICE SPRINGS,1998,11,33535,34567,68102,0,0,0,33535,34567,68102
All Australian Airports,1998,11,2331596,2331596,4663192,595261,597381,1192642,2926857,2928977,5855834
BALLINA,1998,11,4093,4135,8228,0,0,0,4093,4135,8228
BRISBANE,1998,11,299567,310173,609740,94668,87146,181814,394235,397319,791554
CAIRNS,1998,11,82279,83374,165653,27752,30062,57814,110031,113436,223467
CANBERRA,1998,11,79135,77500,156635,0,0,0,79135,77500,156635
DARWIN,1998,11,30271,31479,61750,7448,7103,14551,37719,38582,76301
GOLD COAST,1998,11,69579,80121,149700,405,462,867,69984,80583,150567
HAMILTON ISLAND,1998,11,15332,15907,31239,0,0,0,15332,15907,31239
HOBART,1998,11,35342,35031,70373,0,0,0,35342,35031,70373
KARRATHA,1998,11,7992,7947,15939,0,0,0,7992,7947,15939
LAUNCESTON,1998,11,22077,21933,44010,0,0,0,22077,21933,44010
MACKAY,1998,11,11539,11430,22969,0,0,0,11539,11430,22969
MELBOURNE,1998,11,481394,485795,967189,110336,108228,218564,591730,594023,1185753
PERTH,1998,11,129799,132211,262010,65005,56690,121695,194804,188901,383705
ROCKHAMPTON,1998,11,11247,11542,22789,0,0,0,11247,11542,22789
SUNSHINE COAST,1998,11,12845,13224,26069,0,0,0,12845,13224,26069
SYDNEY,1998,11,615684,589979,1205663,278190,298439,576629,893874,888418,1782292
TOWNSVILLE,1998,11,25362,25261,50623,53,58,111,25415,25319,50734
NEWCASTLE,1998,11,5941,5906,11847,0,0,0,5941,5906,11847
ADELAIDE,1998,12,156846,157906,314752,10450,11327,21777,167296,169233,336529
ALICE SPRINGS,1998,12,28765,30537,59302,0,0,0,28765,30537,59302
All Australian Airports,1998,12,2332538,2332538,4665076,637411,667417,1304828,2969949,2999955,5969904
BALLINA,1998,12,4890,4376,9266,0,0,0,4890,4376,9266
BRISBANE,1998,12,316053,305024,621077,106331,96290,202621,422384,401314,823698
CAIRNS,1998,12,76454,78025,154479,30858,26013,56871,107312,104038,211350
CANBERRA,1998,12,69910,74971,144881,0,0,0,69910,74971,144881
DARWIN,1998,12,27860,34221,62081,5714,6946,12660,33574,41167,74741
GOLD COAST,1998,12,80856,77503,158359,331,449,780,81187,77952,159139
HAMILTON ISLAND,1998,12,15365,13878,29243,0,0,0,15365,13878,29243
HOBART,1998,12,43541,36354,79895,0,0,0,43541,36354,79895
KARRATHA,1998,12,7576,8761,16337,0,0,0,7576,8761,16337
LAUNCESTON,1998,12,26118,22068,48186,0,0,0,26118,22068,48186
MACKAY,1998,12,11119,11504,22623,0,0,0,11119,11504,22623
MELBOURNE,1998,12,471560,486669,958229,114133,116878,231011,585693,603547,1189240
PERTH,1998,12,142586,140023,282609,65957,67445,133402,208543,207468,416011
ROCKHAMPTON,1998,12,11988,11526,23514,0,0,0,11988,11526,23514
SUNSHINE COAST,1998,12,13318,11272,24590,0,0,0,13318,11272,24590
SYDNEY,1998,12,602246,597247,1199493,302826,341225,644051,905072,938472,1843544
TOWNSVILLE,1998,12,24024,27609,51633,171,69,240,24195,27678,51873
NEWCASTLE,1998,12,6446,6389,12835,0,0,0,6446,6389,12835
ADELAIDE,1999,1,151514,152896,304410,12067,10481,22548,163581,163377,326958
ALICE SPRINGS,1999,1,30473,30651,61124,0,0,0,30473,30651,61124
All Australian Airports,1999,1,2308083,2308083,4616166,711690,663273,1374963,3019773,2971356,5991129
BALLINA,1999,1,4185,4850,9035,0,0,0,4185,4850,9035
BRISBANE,1999,1,297053,312435,609488,109796,96938,206734,406849,409373,816222
CAIRNS,1999,1,75109,78634,153743,26400,30153,56553,101509,108787,210296
CANBERRA,1999,1,58591,54909,113500,0,0,0,58591,54909,113500
DARWIN,1999,1,32736,28274,61010,7705,6506,14211,40441,34780,75221
GOLD COAST,1999,1,90064,104114,194178,498,440,938,90562,104554,195116
HAMILTON ISLAND,1999,1,14932,17258,32190,0,0,0,14932,17258,32190
HOBART,1999,1,41251,49173,90424,0,0,0,41251,49173,90424
KARRATHA,1999,1,7822,7155,14977,0,0,0,7822,7155,14977
LAUNCESTON,1999,1,27773,31825,59598,0,0,0,27773,31825,59598
MACKAY,1999,1,10268,10371,20639,0,0,0,10268,10371,20639
MELBOURNE,1999,1,497237,472254,969491,127491,115103,242594,624728,587357,1212085
PERTH,1999,1,141717,146758,288475,69618,65200,134818,211335,211958,423293
ROCKHAMPTON,1999,1,9905,10013,19918,0,0,0,9905,10013,19918
SUNSHINE COAST,1999,1,13730,16020,29750,0,0,0,13730,16020,29750
SYDNEY,1999,1,595584,573306,1168890,357204,337569,694773,952788,910875,1863663
TOWNSVILLE,1999,1,25122,22056,47178,88,54,142,25210,22110,47320
NEWCASTLE,1999,1,5859,5955,11814,0,0,0,5859,5955,11814
ADELAIDE,1999,2,141194,140050,281244,10018,8079,18097,151212,148129,299341
ALICE SPRINGS,1999,2,26233,26435,52668,0,0,0,26233,26435,52668
All Australian Airports,1999,2,2081309,2081309,4162618,608912,533862,1142774,2690221,2615171,5305392
BALLINA,1999,2,3815,3936,7751,0,0,0,3815,3936,7751
BRISBANE,1999,2,262443,263713,526156,91875,77585,169460,354318,341298,695616
CAIRNS,1999,2,63511,65006,128517,26675,23630,50305,90186,88636,178822
CANBERRA,1999,2,72811,73002,145813,0,0,0,72811,73002,145813
DARWIN,1999,2,24315,24597,48912,5860,4406,10266,30175,29003,59178
GOLD COAST,1999,2,63461,68788,132249,419,334,753,63880,69122,133002
HAMILTON ISLAND,1999,2,10007,10228,20235,0,0,0,10007,10228,20235
HOBART,1999,2,36214,34959,71173,0,0,0,36214,34959,71173
KARRATHA,1999,2,6744,7069,13813,0,0,0,6744,7069,13813
LAUNCESTON,1999,2,24363,22830,47193,0,0,0,24363,22830,47193
MACKAY,1999,2,9395,9664,19059,0,0,0,9395,9664,19059
MELBOURNE,1999,2,450049,449598,899647,110356,92370,202726,560405,541968,1102373
PERTH,1999,2,112050,117309,229359,62094,49586,111680,174144,166895,341039
ROCKHAMPTON,1999,2,9593,9425,19018,0,0,0,9593,9425,19018
SUNSHINE COAST,1999,2,8960,8794,17754,0,0,0,8960,8794,17754
SYDNEY,1999,2,556405,545186,1101591,301054,277241,578295,857459,822427,1679886
TOWNSVILLE,1999,2,22026,21590,43616,37,63,100,22063,21653,43716
NEWCASTLE,1999,2,5721,5720,11441,0,0,0,5721,5720,11441
ADELAIDE,1999,3,162665,165160,327825,9575,9900,19475,172240,175060,347300
ALICE SPRINGS,1999,3,32205,32323,64528,0,0,0,32205,32323,64528
All Australian Airports,1999,3,2399634,2399634,4799268,602150,626197,1228347,3001784,3025831,6027615
BALLINA,1999,3,4499,4335,8834,0,0,0,4499,4335,8834
BRISBANE,1999,3,302984,308082,611066,97925,82997,180922,400909,391079,791988
CAIRNS,1999,3,77517,75366,152883,27752,28857,56609,105269,104223,209492
CANBERRA,1999,3,84189,85049,169238,0,0,0,84189,85049,169238
DARWIN,1999,3,30921,29577,60498,5492,5892,11384,36413,35469,71882
GOLD COAST,1999,3,74139,76608,150747,630,539,1169,74769,77147,151916
HAMILTON ISLAND,1999,3,12128,11286,23414,0,0,0,12128,11286,23414
HOBART,1999,3,38312,39884,78196,0,0,0,38312,39884,78196
KARRATHA,1999,3,7766,7520,15286,0,0,0,7766,7520,15286
LAUNCESTON,1999,3,25545,27435,52980,0,0,0,25545,27435,52980
MACKAY,1999,3,11503,11299,22802,0,0,0,11503,11299,22802
MELBOURNE,1999,3,512027,517679,1029706,109040,115120,224160,621067,632799,1253866
PERTH,1999,3,135111,135254,270365,61531,60851,122382,196642,196105,392747
ROCKHAMPTON,1999,3,10966,10899,21865,0,0,0,10966,10899,21865
SUNSHINE COAST,1999,3,11182,10743,21925,0,0,0,11182,10743,21925
SYDNEY,1999,3,631246,616630,1247876,289522,321396,610918,920768,938026,1858794
TOWNSVILLE,1999,3,27235,27322,54557,0,0,0,27235,27322,54557
NEWCASTLE,1999,3,6647,6734,13381,0,0,0,6647,6734,13381
ADELAIDE,1999,4,162673,163493,326166,8852,10625,19477,171525,174118,345643
ALICE SPRINGS,1999,4,32182,32653,64835,0,0,0,32182,32653,64835
All Australian Airports,1999,4,2334765,2334765,4669530,575080,609590,1184670,2909845,2944355,5854200
BALLINA,1999,4,4551,4817,9368,0,0,0,4551,4817,9368
BRISBANE,1999,4,307570,318266,625836,94320,88874,183194,401890,407140,809030
CAIRNS,1999,4,79944,77749,157693,23264,27279,50543,103208,105028,208236
CANBERRA,1999,4,76793,78831,155624,0,0,0,76793,78831,155624
DARWIN,1999,4,32704,32368,65072,5940,5948,11888,38644,38316,76960
GOLD COAST,1999,4,71352,75043,146395,964,685,1649,72316,75728,148044
HAMILTON ISLAND,1999,4,12612,13086,25698,0,0,0,12612,13086,25698
HOBART,1999,4,35303,36928,72231,0,0,0,35303,36928,72231
KARRATHA,1999,4,8084,7956,16040,0,0,0,8084,7956,16040
LAUNCESTON,1999,4,22533,23272,45805,0,0,0,22533,23272,45805
MACKAY,1999,4,11209,11478,22687,0,0,0,11209,11478,22687
MELBOURNE,1999,4,480154,478857,959011,98771,107011,205782,578925,585868,1164793
PERTH,1999,4,135749,135345,271094,56074,60447,116521,191823,195792,387615
ROCKHAMPTON,1999,4,11579,11723,23302,0,0,0,11579,11723,23302
SUNSHINE COAST,1999,4,11142,11315,22457,0,0,0,11142,11315,22457
SYDNEY,1999,4,609732,589277,1199009,285944,307828,593772,895676,897105,1792781
TOWNSVILLE,1999,4,27754,27271,55025,0,0,0,27754,27271,55025
NEWCASTLE,1999,4,6461,6570,13031,0,0,0,6461,6570,13031
ADELAIDE,1999,5,156641,159730,316371,7057,9639,16696,163698,169369,333067
ALICE SPRINGS,1999,5,31325,32023,63348,0,0,0,31325,32023,63348
All Australian Airports,1999,5,2269470,2269470,4538940,517783,562137,1079920,2787253,2831607,5618860
BALLINA,1999,5,4234,4265,8499,0,0,0,4234,4265,8499
BRISBANE,1999,5,304865,309043,613908,92510,81623,174133,397375,390666,788041
CAIRNS,1999,5,76783,75022,151805,21519,25241,46760,98302,100263,198565
CANBERRA,1999,5,80953,81001,161954,0,0,0,80953,81001,161954
DARWIN,1999,5,37846,35307,73153,5648,6227,11875,43494,41534,85028
GOLD COAST,1999,5,63797,67963,131760,588,537,1125,64385,68500,132885
HAMILTON ISLAND,1999,5,9729,10224,19953,0,0,0,9729,10224,19953
HOBART,1999,5,30617,35103,65720,0,0,0,30617,35103,65720
KARRATHA,1999,5,7840,7698,15538,0,0,0,7840,7698,15538
LAUNCESTON,1999,5,18541,21551,40092,0,0,0,18541,21551,40092
MACKAY,1999,5,11571,11442,23013,0,0,0,11571,11442,23013
MELBOURNE,1999,5,466692,470483,937175,90036,98909,188945,556728,569392,1126120
PERTH,1999,5,126054,127758,253812,51762,53992,105754,177816,181750,359566
ROCKHAMPTON,1999,5,12354,11936,24290,0,0,0,12354,11936,24290
SUNSHINE COAST,1999,5,10285,10346,20631,0,0,0,10285,10346,20631
SYDNEY,1999,5,590588,569462,1160050,248069,285323,533392,838657,854785,1693442
TOWNSVILLE,1999,5,28323,27519,55842,0,0,0,28323,27519,55842
NEWCASTLE,1999,5,6303,6389,12692,0,0,0,6303,6389,12692
ADELAIDE,1999,6,152767,153137,305904,8000,8901,16901,160767,162038,322805
ALICE SPRINGS,1999,6,34498,35107,69605,0,0,0,34498,35107,69605
All Australian Airports,1999,6,2318684,2318684,4637368,542817,590155,1132972,2861501,2908839,5770340
BALLINA,1999,6,4312,4153,8465,0,0,0,4312,4153,8465
BRISBANE,1999,6,327520,331677,659197,100975,93305,194280,428495,424982,853477
CAIRNS,1999,6,87244,81457,168701,26436,25533,51969,113680,106990,220670
CANBERRA,1999,6,78303,79179,157482,0,0,0,78303,79179,157482
DARWIN,1999,6,43330,41607,84937,6244,6851,13095,49574,48458,98032
GOLD COAST,1999,6,72009,69465,141474,820,669,1489,72829,70134,142963
HAMILTON ISLAND,1999,6,10544,9528,20072,0,0,0,10544,9528,20072
HOBART,1999,6,34394,31221,65615,0,0,0,34394,31221,65615
KARRATHA,1999,6,7672,7612,15284,0,0,0,7672,7612,15284
LAUNCESTON,1999,6,20629,18747,39376,0,0,0,20629,18747,39376
MACKAY,1999,6,12224,12032,24256,0,0,0,12224,12032,24256
MELBOURNE,1999,6,459379,484799,944178,90952,108773,199725,550331,593572,1143903
PERTH,1999,6,122340,124323,246663,52459,62042,114501,174799,186365,361164
ROCKHAMPTON,1999,6,12395,12361,24756,0,0,0,12395,12361,24756
SUNSHINE COAST,1999,6,10712,9847,20559,0,0,0,10712,9847,20559
SYDNEY,1999,6,595061,582303,1177364,256388,283587,539975,851449,865890,1717339
TOWNSVILLE,1999,6,30196,29972,60168,0,0,0,30196,29972,60168
NEWCASTLE,1999,6,6205,6233,12438,0,0,0,6205,6233,12438
ADELAIDE,1999,7,167538,169667,337205,11313,9647,20960,178851,179314,358165
ALICE SPRINGS,1999,7,37278,38120,75398,0,0,0,37278,38120,75398
All Australian Airports,1999,7,2497419,2497419,4994838,706613,611044,1317657,3204032,3108463,6312495
BALLINA,1999,7,4334,4303,8637,0,0,0,4334,4303,8637
BRISBANE,1999,7,352517,350596,703113,124576,92271,216847,477093,442867,919960
CAIRNS,1999,7,100213,100533,200746,32252,29828,62080,132465,130361,262826
CANBERRA,1999,7,80714,80982,161696,0,0,0,80714,80982,161696
DARWIN,1999,7,48921,49219,98140,10354,7397,17751,59275,56616,115891
GOLD COAST,1999,7,77433,76724,154157,1059,914,1973,78492,77638,156130
HAMILTON ISLAND,1999,7,11850,12488,24338,0,0,0,11850,12488,24338
HOBART,1999,7,31358,32277,63635,0,0,0,31358,32277,63635
KARRATHA,1999,7,6907,7250,14157,0,0,0,6907,7250,14157
LAUNCESTON,1999,7,17777,18735,36512,0,0,0,17777,18735,36512
MACKAY,1999,7,11187,11338,22525,0,0,0,11187,11338,22525
MELBOURNE,1999,7,507731,488543,996274,122390,101681,224071,630121,590224,1220345
PERTH,1999,7,137528,140068,277596,68054,58327,126381,205582,198395,403977
ROCKHAMPTON,1999,7,12664,12353,25017,0,0,0,12664,12353,25017
SUNSHINE COAST,1999,7,12950,12941,25891,0,0,0,12950,12941,25891
SYDNEY,1999,7,639466,649141,1288607,335859,310224,646083,975325,959365,1934690
TOWNSVILLE,1999,7,31796,32175,63971,0,0,0,31796,32175,63971
NEWCASTLE,1999,7,6474,6683,13157,0,0,0,6474,6683,13157
ADELAIDE,1999,8,164896,164793,329689,9570,9967,19537,174466,174760,349226
ALICE SPRINGS,1999,8,36883,38152,75035,0,0,0,36883,38152,75035
All Australian Airports,1999,8,2488412,2488412,4976824,611009,672827,1283836,3099421,3161239,6260660
BALLINA,1999,8,3939,4056,7995,0,0,0,3939,4056,7995
BRISBANE,1999,8,342744,357394,700138,109202,108299,217501,451946,465693,917639
CAIRNS,1999,8,98449,101416,199865,30593,34235,64828,129042,135651,264693
CANBERRA,1999,8,85005,83398,168403,0,0,0,85005,83398,168403
DARWIN,1999,8,46688,48451,95139,7217,7412,14629,53905,55863,109768
GOLD COAST,1999,8,74242,81621,155863,835,780,1615,75077,82401,157478
HAMILTON ISLAND,1999,8,13062,12316,25378,0,0,0,13062,12316,25378
HOBART,1999,8,33258,33666,66924,0,0,0,33258,33666,66924
KARRATHA,1999,8,6455,6489,12944,0,0,0,6455,6489,12944
LAUNCESTON,1999,8,18864,18683,37547,0,0,0,18864,18683,37547
MACKAY,1999,8,11907,11811,23718,0,0,0,11907,11811,23718
MELBOURNE,1999,8,495685,500247,995932,104990,112123,217113,600675,612370,1213045
PERTH,1999,8,132112,131257,263369,61379,62213,123592,193491,193470,386961
ROCKHAMPTON,1999,8,12325,12599,24924,0,0,0,12325,12599,24924
SUNSHINE COAST,1999,8,11697,11994,23691,0,0,0,11697,11994,23691
SYDNEY,1999,8,658588,626518,1285106,286415,337051,623466,945003,963569,1908572
TOWNSVILLE,1999,8,30178,30504,60682,0,0,0,30178,30504,60682
NEWCASTLE,1999,8,6328,6428,12756,0,0,0,6328,6428,12756
ADELAIDE,1999,9,172789,172204,344993,11396,9686,21082,184185,181890,366075
ALICE SPRINGS,1999,9,34227,34178,68405,0,0,0,34227,34178,68405
All Australian Airports,1999,9,2608033,2608033,5216066,645896,643786,1289682,3253929,3251819,6505748
BALLINA,1999,9,4641,4472,9113,0,0,0,4641,4472,9113
BRISBANE,1999,9,364933,364921,729854,112101,101982,214083,477034,466903,943937
CAIRNS,1999,9,94311,91970,186281,29077,28437,57514,123388,120407,243795
CANBERRA,1999,9,85191,87207,172398,0,0,0,85191,87207,172398
DARWIN,1999,9,41655,42267,83922,8364,6846,15210,50019,49113,99132
GOLD COAST,1999,9,87685,84083,171768,1071,1140,2211,88756,85223,173979
HAMILTON ISLAND,1999,9,16049,15031,31080,0,0,0,16049,15031,31080
HOBART,1999,9,39980,35855,75835,0,0,0,39980,35855,75835
KARRATHA,1999,9,6648,7176,13824,0,0,0,6648,7176,13824
LAUNCESTON,1999,9,25013,23061,48074,0,0,0,25013,23061,48074
MACKAY,1999,9,12861,13099,25960,0,0,0,12861,13099,25960
MELBOURNE,1999,9,533917,539107,1073024,116797,111411,228208,650714,650518,1301232
PERTH,1999,9,146794,148211,295005,67598,61027,128625,214392,209238,423630
ROCKHAMPTON,1999,9,13540,13195,26735,0,0,0,13540,13195,26735
SUNSHINE COAST,1999,9,15493,13991,29484,0,0,0,15493,13991,29484
SYDNEY,1999,9,665867,670659,1336526,298505,322278,620783,964372,992937,1957309
TOWNSVILLE,1999,9,30640,31511,62151,0,0,0,30640,31511,62151
NEWCASTLE,1999,9,6438,6668,13106,0,0,0,6438,6668,13106
ADELAIDE,1999,10,183259,178491,361750,13669,9988,23657,196928,188479,385407
ALICE SPRINGS,1999,10,35912,37344,73256,0,0,0,35912,37344,73256
All Australian Airports,1999,10,2693690,2693690,5387380,734824,611518,1346342,3428514,3305208,6733722
BALLINA,1999,10,4953,4863,9816,0,0,0,4953,4863,9816
BRISBANE,1999,10,368700,377796,746496,119095,94645,213740,487795,472441,960236
CAIRNS,1999,10,97369,99557,196926,29302,27813,57115,126671,127370,254041
CANBERRA,1999,10,88802,85165,173967,0,0,0,88802,85165,173967
DARWIN,1999,10,39031,41260,80291,8489,5766,14255,47520,47026,94546
GOLD COAST,1999,10,91470,99611,191081,956,1116,2072,92426,100727,193153
HAMILTON ISLAND,1999,10,16158,16951,33109,0,0,0,16158,16951,33109
HOBART,1999,10,38213,38033,76246,0,0,0,38213,38033,76246
KARRATHA,1999,10,6531,6676,13207,0,0,0,6531,6676,13207
LAUNCESTON,1999,10,21965,22112,44077,0,0,0,21965,22112,44077
MACKAY,1999,10,12691,13116,25807,0,0,0,12691,13116,25807
MELBOURNE,1999,10,554977,538166,1093143,131764,109882,241646,686741,648048,1334789
PERTH,1999,10,149796,153901,303697,77195,57410,134605,226991,211311,438302
ROCKHAMPTON,1999,10,13232,13719,26951,0,0,0,13232,13719,26951
SUNSHINE COAST,1999,10,16190,17470,33660,0,0,0,16190,17470,33660
SYDNEY,1999,10,705746,696169,1401915,353335,303862,657197,1059081,1000031,2059112
TOWNSVILLE,1999,10,28852,29822,58674,0,0,0,28852,29822,58674
NEWCASTLE,1999,10,6902,6900,13802,0,0,0,6902,6900,13802
ADELAIDE,1999,11,156590,158670,315260,11373,9303,20676,167963,167973,335936
ALICE SPRINGS,1999,11,31859,33066,64925,0,0,0,31859,33066,64925
All Australian Airports,1999,11,2429967,2429967,4859934,643641,637963,1281604,3073608,3067930,6141538
BALLINA,1999,11,4631,4561,9192,0,0,0,4631,4561,9192
BRISBANE,1999,11,324990,328273,653263,104973,95520,200493,429963,423793,853756
CAIRNS,1999,11,84985,85592,170577,27079,28307,55386,112064,113899,225963
CANBERRA,1999,11,84873,83754,168627,0,0,0,84873,83754,168627
DARWIN,1999,11,31908,32736,64644,5787,5228,11015,37695,37964,75659
GOLD COAST,1999,11,71555,78960,150515,427,489,916,71982,79449,151431
HAMILTON ISLAND,1999,11,15059,15357,30416,0,0,0,15059,15357,30416
HOBART,1999,11,36325,36649,72974,0,0,0,36325,36649,72974
KARRATHA,1999,11,6219,5987,12206,0,0,0,6219,5987,12206
LAUNCESTON,1999,11,21560,21607,43167,0,0,0,21560,21607,43167
MACKAY,1999,11,11693,11670,23363,0,0,0,11693,11670,23363
MELBOURNE,1999,11,506518,507340,1013858,119424,119592,239016,625942,626932,1252874
PERTH,1999,11,133295,137686,270981,66618,60317,126935,199913,198003,397916
ROCKHAMPTON,1999,11,11966,11971,23937,0,0,0,11966,11971,23937
SUNSHINE COAST,1999,11,12997,13779,26776,0,0,0,12997,13779,26776
SYDNEY,1999,11,646674,627297,1273971,307195,318419,625614,953869,945716,1899585
TOWNSVILLE,1999,11,26144,26288,52432,0,0,0,26144,26288,52432
NEWCASTLE,1999,11,7496,7586,15082,0,0,0,7496,7586,15082
ADELAIDE,1999,12,152957,157136,310093,10623,11285,21908,163580,168421,332001
ALICE SPRINGS,1999,12,27885,29613,57498,0,0,0,27885,29613,57498
All Australian Airports,1999,12,2386381,2386381,4772762,641908,681888,1323796,3028289,3068269,6096558
BALLINA,1999,12,5162,4989,10151,0,0,0,5162,4989,10151
BRISBANE,1999,12,330330,324591,654921,102433,101947,204380,432763,426538,859301
CAIRNS,1999,12,76999,78172,155171,27073,23924,50997,104072,102096,206168
CANBERRA,1999,12,73128,77864,150992,0,0,0,73128,77864,150992
DARWIN,1999,12,28791,34454,63245,4613,5866,10479,33404,40320,73724
GOLD COAST,1999,12,82473,80036,162509,455,558,1013,82928,80594,163522
HAMILTON ISLAND,1999,12,14602,13226,27828,0,0,0,14602,13226,27828
HOBART,1999,12,42520,36499,79019,0,0,0,42520,36499,79019
KARRATHA,1999,12,5735,7353,13088,0,0,0,5735,7353,13088
LAUNCESTON,1999,12,26270,23273,49543,0,0,0,26270,23273,49543
MACKAY,1999,12,11572,12060,23632,0,0,0,11572,12060,23632
MELBOURNE,1999,12,485192,504325,989517,113547,127274,240821,598739,631599,1230338
PERTH,1999,12,141806,144865,286671,60732,68372,129104,202538,213237,415775
ROCKHAMPTON,1999,12,11531,11880,23411,0,0,0,11531,11880,23411
SUNSHINE COAST,1999,12,13657,12298,25955,0,0,0,13657,12298,25955
SYDNEY,1999,12,634117,602879,1236996,321849,342036,663885,955966,944915,1900881
TOWNSVILLE,1999,12,25086,28676,53762,0,0,0,25086,28676,53762
NEWCASTLE,1999,12,7649,7832,15481,0,0,0,7649,7832,15481
ADELAIDE,2000,1,152690,151419,304109,12600,10158,22758,165290,161577,326867
ALICE SPRINGS,2000,1,28552,27927,56479,0,0,0,28552,27927,56479
All Australian Airports,2000,1,2370043,2370043,4740086,719427,685967,1405394,3089470,3056010,6145480
BALLINA,2000,1,4835,5067,9902,0,0,0,4835,5067,9902
BRISBANE,2000,1,320011,322012,642023,107017,92287,199304,427028,414299,841327
CAIRNS,2000,1,74969,77009,151978,23591,24206,47797,98560,101215,199775
CANBERRA,2000,1,63567,59407,122974,0,0,0,63567,59407,122974
DARWIN,2000,1,33972,29811,63783,6403,4728,11131,40375,34539,74914
GOLD COAST,2000,1,96104,101751,197855,701,602,1303,96805,102353,199158
HAMILTON ISLAND,2000,1,14887,17294,32181,0,0,0,14887,17294,32181
HOBART,2000,1,40693,47623,88316,0,0,0,40693,47623,88316
KARRATHA,2000,1,6539,5485,12024,0,0,0,6539,5485,12024
LAUNCESTON,2000,1,26320,30386,56706,0,0,0,26320,30386,56706
MACKAY,2000,1,9993,10152,20145,0,0,0,9993,10152,20145
MELBOURNE,2000,1,513364,486321,999685,138776,126770,265546,652140,613091,1265231
PERTH,2000,1,148560,147709,296269,72336,64484,136820,220896,212193,433089
ROCKHAMPTON,2000,1,10388,10552,20940,0,0,0,10388,10552,20940
SUNSHINE COAST,2000,1,14903,16976,31879,0,0,0,14903,16976,31879
SYDNEY,2000,1,600155,618569,1218724,357512,362109,719621,957667,980678,1938345
TOWNSVILLE,2000,1,26145,23184,49329,0,0,0,26145,23184,49329
NEWCASTLE,2000,1,7434,7383,14817,0,0,0,7434,7383,14817
ADELAIDE,2000,2,148268,148009,296277,12498,8095,20593,160766,156104,316870
ALICE SPRINGS,2000,2,27448,26772,54220,0,0,0,27448,26772,54220
All Australian Airports,2000,2,2257069,2257069,4514138,666259,590819,1257078,2923328,2847888,5771216
BALLINA,2000,2,4283,4358,8641,0,0,0,4283,4358,8641
BRISBANE,2000,2,293369,293418,586787,99603,83005,182608,392972,376423,769395
CAIRNS,2000,2,68766,70218,138984,26080,23720,49800,94846,93938,188784
CANBERRA,2000,2,79976,80458,160434,0,0,0,79976,80458,160434
DARWIN,2000,2,27201,26831,54032,5025,4114,9139,32226,30945,63171
GOLD COAST,2000,2,70442,77352,147794,641,565,1206,71083,77917,149000
HAMILTON ISLAND,2000,2,11492,11564,23056,0,0,0,11492,11564,23056
HOBART,2000,2,40624,38222,78846,0,0,0,40624,38222,78846
KARRATHA,2000,2,5869,5955,11824,0,0,0,5869,5955,11824
LAUNCESTON,2000,2,24117,22652,46769,0,0,0,24117,22652,46769
MACKAY,2000,2,9524,9627,19151,0,0,0,9524,9627,19151
MELBOURNE,2000,2,491067,489398,980465,126905,106335,233240,617972,595733,1213705
PERTH,2000,2,121176,123532,244708,66068,52829,118897,187244,176361,363605
ROCKHAMPTON,2000,2,10539,10501,21040,0,0,0,10539,10501,21040
SUNSHINE COAST,2000,2,9940,9956,19896,0,0,0,9940,9956,19896
SYDNEY,2000,2,605977,599847,1205824,328992,311707,640699,934969,911554,1846523
TOWNSVILLE,2000,2,24135,24290,48425,0,0,0,24135,24290,48425
NEWCASTLE,2000,2,7489,7535,15024,0,0,0,7489,7535,15024
ADELAIDE,2000,3,171672,175963,347635,10494,10812,21306,182166,186775,368941
ALICE SPRINGS,2000,3,29987,29703,59690,0,0,0,29987,29703,59690
All Australian Airports,2000,3,2535211,2535211,5070422,626792,664433,1291225,3162003,3199644,6361647
BALLINA,2000,3,4249,4242,8491,0,0,0,4249,4242,8491
BRISBANE,2000,3,328007,326983,654990,100516,87502,188018,428523,414485,843008
CAIRNS,2000,3,77908,74469,152377,25976,28293,54269,103884,102762,206646
CANBERRA,2000,3,89090,90563,179653,0,0,0,89090,90563,179653
DARWIN,2000,3,32183,31415,63598,4930,5206,10136,37113,36621,73734
GOLD COAST,2000,3,77682,80019,157701,862,656,1518,78544,80675,159219
HAMILTON ISLAND,2000,3,13069,12589,25658,0,0,0,13069,12589,25658
HOBART,2000,3,40146,42293,82439,0,0,0,40146,42293,82439
KARRATHA,2000,3,6591,6665,13256,0,0,0,6591,6665,13256
LAUNCESTON,2000,3,25205,26477,51682,0,0,0,25205,26477,51682
MACKAY,2000,3,11362,11626,22988,0,0,0,11362,11626,22988
MELBOURNE,2000,3,549175,553164,1102339,117411,127177,244588,666586,680341,1346927
PERTH,2000,3,144410,141810,286220,62341,66451,128792,206751,208261,415012
ROCKHAMPTON,2000,3,12442,12612,25054,0,0,0,12442,12612,25054
SUNSHINE COAST,2000,3,11992,11530,23522,0,0,0,11992,11530,23522
SYDNEY,2000,3,673539,662304,1335843,303770,337919,641689,977309,1000223,1977532
TOWNSVILLE,2000,3,27341,27690,55031,0,0,0,27341,27690,55031
NEWCASTLE,2000,3,8566,8844,17410,0,0,0,8566,8844,17410
ADELAIDE,2000,4,168893,170467,339360,11000,12737,23737,179893,183204,363097
ALICE SPRINGS,2000,4,32540,32960,65500,0,0,0,32540,32960,65500
All Australian Airports,2000,4,2479731,2479731,4959462,670585,705170,1375755,3150316,3184901,6335217
BALLINA,2000,4,2793,2783,5576,0,0,0,2793,2783,5576
BRISBANE,2000,4,334736,339660,674396,110553,100105,210658,445289,439765,885054
CAIRNS,2000,4,83733,81871,165604,25685,25901,51586,109418,107772,217190
CANBERRA,2000,4,80812,80501,161313,0,0,0,80812,80501,161313
DARWIN,2000,4,35802,34770,70572,5888,6080,11968,41690,40850,82540
GOLD COAST,2000,4,77186,82481,159667,1422,1287,2709,78608,83768,162376
HAMILTON ISLAND,2000,4,14524,14673,29197,0,0,0,14524,14673,29197
HOBART,2000,4,39126,40641,79767,0,0,0,39126,40641,79767
KARRATHA,2000,4,6595,6551,13146,0,0,0,6595,6551,13146
LAUNCESTON,2000,4,23686,25005,48691,0,0,0,23686,25005,48691
MACKAY,2000,4,11043,10982,22025,0,0,0,11043,10982,22025
MELBOURNE,2000,4,514001,513710,1027711,121332,131042,252374,635333,644752,1280085
PERTH,2000,4,148269,147877,296146,66159,66943,133102,214428,214820,429248
ROCKHAMPTON,2000,4,12790,12936,25726,0,0,0,12790,12936,25726
SUNSHINE COAST,2000,4,12227,12642,24869,0,0,0,12227,12642,24869
SYDNEY,2000,4,643153,629291,1272444,327665,360247,687912,970818,989538,1960356
TOWNSVILLE,2000,4,27213,27223,54436,0,0,0,27213,27223,54436
NEWCASTLE,2000,4,8326,8510,16836,0,0,0,8326,8510,16836
ADELAIDE,2000,5,160803,164203,325006,7765,10890,18655,168568,175093,343661
ALICE SPRINGS,2000,5,31262,32158,63420,0,0,0,31262,32158,63420
All Australian Airports,2000,5,2422777,2422777,4845554,559444,629995,1189439,2982221,3052772,6034993
BALLINA,2000,5,3291,3371,6662,0,0,0,3291,3371,6662
BRISBANE,2000,5,328586,329489,658075,96959,86004,182963,425545,415493,841038
CAIRNS,2000,5,81817,80717,162534,24323,27257,51580,106140,107974,214114
CANBERRA,2000,5,87410,87729,175139,0,0,0,87410,87729,175139
DARWIN,2000,5,40676,37764,78440,5909,6255,12164,46585,44019,90604
GOLD COAST,2000,5,67987,69974,137961,1040,812,1852,69027,70786,139813
HAMILTON ISLAND,2000,5,10891,11569,22460,0,0,0,10891,11569,22460
HOBART,2000,5,34652,37883,72535,0,0,0,34652,37883,72535
KARRATHA,2000,5,6787,6762,13549,0,0,0,6787,6762,13549
LAUNCESTON,2000,5,19419,20702,40121,0,0,0,19419,20702,40121
MACKAY,2000,5,12076,11820,23896,0,0,0,12076,11820,23896
MELBOURNE,2000,5,501060,504770,1005830,98769,119675,218444,599829,624445,1224274
PERTH,2000,5,136087,139535,275622,50973,59270,110243,187060,198805,385865
ROCKHAMPTON,2000,5,13297,13329,26626,0,0,0,13297,13329,26626
SUNSHINE COAST,2000,5,10217,10122,20339,0,0,0,10217,10122,20339
SYDNEY,2000,5,635685,621028,1256713,273093,319168,592261,908778,940196,1848974
TOWNSVILLE,2000,5,30385,29047,59432,0,0,0,30385,29047,59432
NEWCASTLE,2000,5,8751,9041,17792,0,0,0,8751,9041,17792
ADELAIDE,2000,6,161061,159602,320663,9452,9579,19031,170513,169181,339694
ALICE SPRINGS,2000,6,33107,33892,66999,0,0,0,33107,33892,66999
All Australian Airports,2000,6,2497790,2497790,4995580,590606,631280,1221886,3088396,3129070,6217466
BALLINA,2000,6,4646,4749,9395,0,0,0,4646,4749,9395
BRISBANE,2000,6,350502,349687,700189,106451,92973,199424,456953,442660,899613
CAIRNS,2000,6,93137,88277,181414,27172,25797,52969,120309,114074,234383
CANBERRA,2000,6,85590,87663,173253,0,0,0,85590,87663,173253
DARWIN,2000,6,44145,44100,88245,7096,8097,15193,51241,52197,103438
GOLD COAST,2000,6,76324,74566,150890,1616,1252,2868,77940,75818,153758
HAMILTON ISLAND,2000,6,12017,11256,23273,0,0,0,12017,11256,23273
HOBART,2000,6,36840,35271,72111,0,0,0,36840,35271,72111
KARRATHA,2000,6,7072,6947,14019,0,0,0,7072,6947,14019
LAUNCESTON,2000,6,19794,19408,39202,0,0,0,19794,19408,39202
MACKAY,2000,6,12053,11955,24008,0,0,0,12053,11955,24008
MELBOURNE,2000,6,509828,525527,1035355,102972,124957,227929,612800,650484,1263284
PERTH,2000,6,137896,139956,277852,55167,64579,119746,193063,204535,397598
ROCKHAMPTON,2000,6,13567,13303,26870,0,0,0,13567,13303,26870
SUNSHINE COAST,2000,6,11030,10270,21300,0,0,0,11030,10270,21300
SYDNEY,2000,6,644226,638600,1282826,280055,303432,583487,924281,942032,1866313
TOWNSVILLE,2000,6,31785,31528,63313,0,0,0,31785,31528,63313
NEWCASTLE,2000,6,10087,10120,20207,0,0,0,10087,10120,20207
ADELAIDE,2000,7,162464,161958,324422,13181,12116,25297,175645,174074,349719
ALICE SPRINGS,2000,7,36803,36944,73747,0,0,0,36803,36944,73747
All Australian Airports,2000,7,2535504,2535504,5071008,765264,667776,1433040,3300768,3203280,6504048
BALLINA,2000,7,4063,4063,8126,0,0,0,4063,4063,8126
BRISBANE,2000,7,364944,363148,728092,125541,99036,224577,490485,462184,952669
CAIRNS,2000,7,99629,100779,200408,32551,30177,62728,132180,130956,263136
CANBERRA,2000,7,85338,83972,169310,0,0,0,85338,83972,169310
DARWIN,2000,7,46309,47010,93319,10825,7917,18742,57134,54927,112061
GOLD COAST,2000,7,74069,73852,147921,1513,1428,2941,75582,75280,150862
HAMILTON ISLAND,2000,7,10803,11230,22033,0,0,0,10803,11230,22033
HOBART,2000,7,31831,31853,63684,0,0,0,31831,31853,63684
KARRATHA,2000,7,6812,6956,13768,0,0,0,6812,6956,13768
LAUNCESTON,2000,7,16888,17291,34179,0,0,0,16888,17291,34179
MACKAY,2000,7,12373,12561,24934,0,0,0,12373,12561,24934
MELBOURNE,2000,7,522892,504171,1027063,137987,118308,256295,660879,622479,1283358
PERTH,2000,7,137821,139379,277200,72134,59338,131472,209955,198717,408672
ROCKHAMPTON,2000,7,13761,13435,27196,0,0,0,13761,13435,27196
SUNSHINE COAST,2000,7,9854,10160,20014,0,0,0,9854,10160,20014
SYDNEY,2000,7,658341,674214,1332555,370847,338758,709605,1029188,1012972,2042160
TOWNSVILLE,2000,7,32108,31720,63828,0,0,0,32108,31720,63828
NEWCASTLE,2000,7,9762,9898,19660,0,0,0,9762,9898,19660
ADELAIDE,2000,8,166852,166670,333522,11577,11424,23001,178429,178094,356523
ALICE SPRINGS,2000,8,35803,37529,73332,0,0,0,35803,37529,73332
All Australian Airports,2000,8,2642954,2642954,5285908,653600,692941,1346541,3296554,3335895,6632449
BALLINA,2000,8,4092,4035,8127,0,0,0,4092,4035,8127
BRISBANE,2000,8,379268,387288,766556,111615,106425,218040,490883,493713,984596
CAIRNS,2000,8,102831,103926,206757,32279,35487,67766,135110,139413,274523
CANBERRA,2000,8,92094,91368,183462,0,0,0,92094,91368,183462
DARWIN,2000,8,47013,48122,95135,8668,8945,17613,55681,57067,112748
GOLD COAST,2000,8,74701,77624,152325,1552,1422,2974,76253,79046,155299
HAMILTON ISLAND,2000,8,13400,12909,26309,0,0,0,13400,12909,26309
HOBART,2000,8,34356,34346,68702,0,0,0,34356,34346,68702
KARRATHA,2000,8,6637,6797,13434,0,0,0,6637,6797,13434
LAUNCESTON,2000,8,17093,17188,34281,0,0,0,17093,17188,34281
MACKAY,2000,8,12538,13087,25625,0,0,0,12538,13087,25625
MELBOURNE,2000,8,543623,545181,1088804,117696,121887,239583,661319,667068,1328387
PERTH,2000,8,135134,136587,271721,63905,62378,126283,199039,198965,398004
ROCKHAMPTON,2000,8,13997,14550,28547,0,0,0,13997,14550,28547
SUNSHINE COAST,2000,8,10508,10487,20995,0,0,0,10508,10487,20995
SYDNEY,2000,8,705777,685351,1391128,305438,344118,649556,1011215,1029469,2040684
TOWNSVILLE,2000,8,30491,31186,61677,0,0,0,30491,31186,61677
NEWCASTLE,2000,8,10340,10590,20930,0,0,0,10340,10590,20930
ADELAIDE,2000,9,172638,180314,352952,12581,11343,23924,185219,191657,376876
ALICE SPRINGS,2000,9,31861,33028,64889,0,0,0,31861,33028,64889
All Australian Airports,2000,9,2849341,2849341,5698682,709223,683155,1392378,3558564,3532496,7091060
BALLINA,2000,9,4302,4368,8670,0,0,0,4302,4368,8670
BRISBANE,2000,9,435073,431342,866415,101463,94868,196331,536536,526210,1062746
CAIRNS,2000,9,98930,98331,197261,24942,27067,52009,123872,125398,249270
CANBERRA,2000,9,87420,90668,178088,0,0,0,87420,90668,178088
DARWIN,2000,9,41137,44505,85642,8258,7395,15653,49395,51900,101295
GOLD COAST,2000,9,80469,79768,160237,1771,1552,3323,82240,81320,163560
HAMILTON ISLAND,2000,9,14928,14806,29734,0,0,0,14928,14806,29734
HOBART,2000,9,39908,39304,79212,0,0,0,39908,39304,79212
KARRATHA,2000,9,7978,8127,16105,0,0,0,7978,8127,16105
LAUNCESTON,2000,9,22634,22741,45375,0,0,0,22634,22741,45375
MACKAY,2000,9,12354,12553,24907,0,0,0,12354,12553,24907
MELBOURNE,2000,9,587775,611198,1198973,126498,126054,252552,714273,737252,1451525
PERTH,2000,9,161041,164073,325114,65804,62096,127900,226845,226169,453014
ROCKHAMPTON,2000,9,13329,13528,26857,0,0,0,13329,13528,26857
SUNSHINE COAST,2000,9,10442,10553,20995,0,0,0,10442,10553,20995
SYDNEY,2000,9,782169,741170,1523339,367096,351997,719093,1149265,1093167,2242432
TOWNSVILLE,2000,9,31193,32573,63766,0,0,0,31193,32573,63766
NEWCASTLE,2000,9,10958,11329,22287,0,0,0,10958,11329,22287
ADELAIDE,2000,10,182398,170610,353008,13840,9895,23735,196238,180505,376743
ALICE SPRINGS,2000,10,33457,33370,66827,0,0,0,33457,33370,66827
All Australian Airports,2000,10,2823124,2823124,5646248,784022,701143,1485165,3607146,3524267,7131413
BALLINA,2000,10,4085,4097,8182,0,0,0,4085,4097,8182
BRISBANE,2000,10,433057,433357,866414,115739,97650,213389,548796,531007,1079803
CAIRNS,2000,10,100948,102358,203306,32754,29142,61896,133702,131500,265202
CANBERRA,2000,10,95516,91356,186872,0,0,0,95516,91356,186872
DARWIN,2000,10,39001,41570,80571,10237,7477,17714,49238,49047,98285
GOLD COAST,2000,10,74081,76593,150674,1525,1662,3187,75606,78255,153861
HAMILTON ISLAND,2000,10,15156,15777,30933,0,0,0,15156,15777,30933
HOBART,2000,10,40817,39399,80216,0,0,0,40817,39399,80216
KARRATHA,2000,10,7806,7846,15652,0,0,0,7806,7846,15652
LAUNCESTON,2000,10,20494,20079,40573,0,0,0,20494,20079,40573
MACKAY,2000,10,12362,12415,24777,0,0,0,12362,12415,24777
MELBOURNE,2000,10,607466,572647,1180113,145846,121279,267125,753312,693926,1447238
PERTH,2000,10,159676,157928,317604,80981,62148,143129,240657,220076,460733
ROCKHAMPTON,2000,10,13851,13573,27424,0,0,0,13851,13573,27424
SUNSHINE COAST,2000,10,10598,10566,21164,0,0,0,10598,10566,21164
SYDNEY,2000,10,721969,770102,1492071,382128,370847,752975,1104097,1140949,2245046
TOWNSVILLE,2000,10,30639,30399,61038,0,0,0,30639,30399,61038
NEWCASTLE,2000,10,11544,11661,23205,0,0,0,11544,11661,23205
ADELAIDE,2000,11,161199,159817,321016,12124,10650,22774,173323,170467,343790
ALICE SPRINGS,2000,11,29861,32170,62031,0,0,0,29861,32170,62031
All Australian Airports,2000,11,2692183,2692183,5384366,729698,730454,1460152,3421881,3422637,6844518
BALLINA,2000,11,3987,3983,7970,0,0,0,3987,3983,7970
BRISBANE,2000,11,400478,405618,806096,111875,100639,212514,512353,506257,1018610
CAIRNS,2000,11,94273,96497,190770,32630,32793,65423,126903,129290,256193
CANBERRA,2000,11,92592,93275,185867,0,0,0,92592,93275,185867
DARWIN,2000,11,33128,33936,67064,8042,7437,15479,41170,41373,82543
GOLD COAST,2000,11,66798,70537,137335,815,882,1697,67613,71419,139032
HAMILTON ISLAND,2000,11,15353,15229,30582,0,0,0,15353,15229,30582
HOBART,2000,11,37728,37632,75360,0,0,0,37728,37632,75360
KARRATHA,2000,11,6568,6724,13292,0,0,0,6568,6724,13292
LAUNCESTON,2000,11,21459,21044,42503,0,0,0,21459,21044,42503
MACKAY,2000,11,11163,11205,22368,0,0,0,11163,11205,22368
MELBOURNE,2000,11,574704,573375,1148079,137152,136928,274080,711856,710303,1422159
PERTH,2000,11,143017,144481,287498,74412,69788,144200,217429,214269,431698
ROCKHAMPTON,2000,11,10683,10842,21525,0,0,0,10683,10842,21525
SUNSHINE COAST,2000,11,10953,10743,21696,0,0,0,10953,10743,21696
SYDNEY,2000,11,740580,726262,1466842,351774,370505,722279,1092354,1096767,2189121
TOWNSVILLE,2000,11,26759,27357,54116,0,0,0,26759,27357,54116
NEWCASTLE,2000,11,11233,11198,22431,0,0,0,11233,11198,22431
ADELAIDE,2000,12,174796,170393,345189,12423,12865,25288,187219,183258,370477
ALICE SPRINGS,2000,12,24998,27142,52140,0,0,0,24998,27142,52140
All Australian Airports,2000,12,2726423,2726423,5452846,789820,839801,1629621,3516243,3566224,7082467
BALLINA,2000,12,4693,4289,8982,0,0,0,4693,4289,8982
BRISBANE,2000,12,436170,424467,860637,122274,111278,233552,558444,535745,1094189
CAIRNS,2000,12,88659,92661,181320,33287,29023,62310,121946,121684,243630
CANBERRA,2000,12,78929,84010,162939,0,0,0,78929,84010,162939
DARWIN,2000,12,29701,36482,66183,6632,7932,14564,36333,44414,80747
GOLD COAST,2000,12,79916,77296,157212,1140,1420,2560,81056,78716,159772
HAMILTON ISLAND,2000,12,15485,14198,29683,0,0,0,15485,14198,29683
HOBART,2000,12,46141,40628,86769,0,0,0,46141,40628,86769
KARRATHA,2000,12,6133,7395,13528,0,0,0,6133,7395,13528
LAUNCESTON,2000,12,25897,23879,49776,0,0,0,25897,23879,49776
MACKAY,2000,12,11748,11788,23536,0,0,0,11748,11788,23536
MELBOURNE,2000,12,561085,578245,1139330,147547,164326,311873,708632,742571,1451203
PERTH,2000,12,155845,151323,307168,80718,79320,160038,236563,230643,467206
ROCKHAMPTON,2000,12,10832,10743,21575,0,0,0,10832,10743,21575
SUNSHINE COAST,2000,12,11680,9953,21633,0,0,0,11680,9953,21633
SYDNEY,2000,12,735015,726986,1462001,385093,432953,818046,1120108,1159939,2280047
TOWNSVILLE,2000,12,27143,29954,57097,0,0,0,27143,29954,57097
NEWCASTLE,2000,12,10262,10251,20513,0,0,0,10262,10251,20513
ADELAIDE,2001,1,178842,182742,361584,12908,11239,24147,191750,193981,385731
ALICE SPRINGS,2001,1,25811,25331,51142,0,0,0,25811,25331,51142
All Australian Airports,2001,1,2847491,2847491,5694982,855773,798087,1653860,3703264,3645578,7348842
BALLINA,2001,1,4218,4667,8885,0,0,0,4218,4667,8885
BRISBANE,2001,1,450298,469967,920265,125932,108112,234044,576230,578079,1154309
CAIRNS,2001,1,86942,93079,180021,29986,29195,59181,116928,122274,239202
CANBERRA,2001,1,71684,68413,140097,0,0,0,71684,68413,140097
DARWIN,2001,1,37668,33221,70889,7579,6309,13888,45247,39530,84777
GOLD COAST,2001,1,89274,95226,184500,1916,1456,3372,91190,96682,187872
HAMILTON ISLAND,2001,1,14728,16802,31530,0,0,0,14728,16802,31530
HOBART,2001,1,45975,49663,95638,0,0,0,45975,49663,95638
KARRATHA,2001,1,7163,6252,13415,0,0,0,7163,6252,13415
LAUNCESTON,2001,1,29130,31260,60390,0,0,0,29130,31260,60390
MACKAY,2001,1,11983,12423,24406,0,0,0,11983,12423,24406
MELBOURNE,2001,1,617640,592833,1210473,169109,152493,321602,786749,745326,1532075
PERTH,2001,1,158224,168586,326810,78222,75406,153628,236446,243992,480438
ROCKHAMPTON,2001,1,10484,10525,21009,0,0,0,10484,10525,21009
SUNSHINE COAST,2001,1,12604,14004,26608,0,0,0,12604,14004,26608
SYDNEY,2001,1,772825,753460,1526285,429519,413148,842667,1202344,1166608,2368952
TOWNSVILLE,2001,1,29397,26795,56192,0,0,0,29397,26795,56192
NEWCASTLE,2001,1,9970,10054,20024,0,0,0,9970,10054,20024
ADELAIDE,2001,2,153902,151966,305868,10674,8310,18984,164576,160276,324852
ALICE SPRINGS,2001,2,22255,22403,44658,0,0,0,22255,22403,44658
All Australian Airports,2001,2,2352787,2352787,4705574,703576,615353,1318929,3056363,2968140,6024503
BALLINA,2001,2,3527,3604,7131,0,0,0,3527,3604,7131
BRISBANE,2001,2,338280,345150,683430,100127,81302,181429,438407,426452,864859
CAIRNS,2001,2,66792,68751,135543,26454,24322,50776,93246,93073,186319
CANBERRA,2001,2,81722,79821,161543,0,0,0,81722,79821,161543
DARWIN,2001,2,26328,26069,52397,5208,4100,9308,31536,30169,61705
GOLD COAST,2001,2,63719,69937,133656,925,1358,2283,64644,71295,135939
HAMILTON ISLAND,2001,2,10135,10461,20596,0,0,0,10135,10461,20596
HOBART,2001,2,40415,39585,80000,0,0,0,40415,39585,80000
KARRATHA,2001,2,6150,5884,12034,0,0,0,6150,5884,12034
LAUNCESTON,2001,2,23200,21859,45059,0,0,0,23200,21859,45059
MACKAY,2001,2,9758,9859,19617,0,0,0,9758,9859,19617
MELBOURNE,2001,2,517762,511939,1029701,145578,118058,263636,663340,629997,1293337
PERTH,2001,2,129141,131577,260718,66945,51049,117994,196086,182626,378712
ROCKHAMPTON,2001,2,9488,9373,18861,0,0,0,9488,9373,18861
SUNSHINE COAST,2001,2,8815,9170,17985,0,0,0,8815,9170,17985
SYDNEY,2001,2,644418,638229,1282647,347071,326321,673392,991489,964550,1956039
TOWNSVILLE,2001,2,23123,22948,46071,0,0,0,23123,22948,46071
NEWCASTLE,2001,2,8313,8402,16715,0,0,0,8313,8402,16715
ADELAIDE,2001,3,184779,186217,370996,9991,10080,20071,194770,196297,391067
ALICE SPRINGS,2001,3,27959,28140,56099,0,0,0,27959,28140,56099
All Australian Airports,2001,3,2782038,2782038,5564076,688265,723252,1411517,3470303,3505290,6975593
BALLINA,2001,3,3631,3696,7327,0,0,0,3631,3696,7327
BRISBANE,2001,3,412365,411150,823515,106653,93629,200282,519018,504779,1023797
CAIRNS,2001,3,83956,82159,166115,29354,29556,58910,113310,111715,225025
CANBERRA,2001,3,94958,97595,192553,0,0,0,94958,97595,192553
DARWIN,2001,3,31618,31164,62782,5582,5356,10938,37200,36520,73720
GOLD COAST,2001,3,83185,83592,166777,1250,1028,2278,84435,84620,169055
HAMILTON ISLAND,2001,3,12771,12629,25400,0,0,0,12771,12629,25400
HOBART,2001,3,43403,44502,87905,0,0,0,43403,44502,87905
KARRATHA,2001,3,6840,7019,13859,0,0,0,6840,7019,13859
LAUNCESTON,2001,3,24503,26073,50576,0,0,0,24503,26073,50576
MACKAY,2001,3,11108,11511,22619,0,0,0,11108,11511,22619
MELBOURNE,2001,3,592581,600184,1192765,135343,146093,281436,727924,746277,1474201
PERTH,2001,3,151402,150394,301796,66823,67993,134816,218225,218387,436612
ROCKHAMPTON,2001,3,11138,11270,22408,0,0,0,11138,11270,22408
SUNSHINE COAST,2001,3,9956,9831,19787,0,0,0,9956,9831,19787
SYDNEY,2001,3,764867,750913,1515780,332452,368819,701271,1097319,1119732,2217051
TOWNSVILLE,2001,3,29143,29436,58579,0,0,0,29143,29436,58579
NEWCASTLE,2001,3,9963,10301,20264,0,0,0,9963,10301,20264
ADELAIDE,2001,4,188110,192650,380760,9402,10934,20336,197512,203584,401096
ALICE SPRINGS,2001,4,28372,28750,57122,0,0,0,28372,28750,57122
All Australian Airports,2001,4,2842533,2842533,5685066,695693,729635,1425328,3538226,3572168,7110394
BALLINA,2001,4,3813,3970,7783,0,0,0,3813,3970,7783
BRISBANE,2001,4,456387,464608,920995,115261,101408,216669,571648,566016,1137664
CAIRNS,2001,4,90295,89082,179377,26027,27165,53192,116322,116247,232569
CANBERRA,2001,4,88637,90063,178700,0,0,0,88637,90063,178700
DARWIN,2001,4,35099,35020,70119,5812,5973,11785,40911,40993,81904
GOLD COAST,2001,4,76290,78902,155192,1652,1624,3276,77942,80526,158468
HAMILTON ISLAND,2001,4,12604,12632,25236,0,0,0,12604,12632,25236
HOBART,2001,4,48050,48862,96912,0,0,0,48050,48862,96912
KARRATHA,2001,4,7576,7249,14825,0,0,0,7576,7249,14825
LAUNCESTON,2001,4,21420,22187,43607,0,0,0,21420,22187,43607
MACKAY,2001,4,10994,10782,21776,0,0,0,10994,10782,21776
MELBOURNE,2001,4,598913,600820,1199733,137170,145603,282773,736083,746423,1482506
PERTH,2001,4,152644,153570,306214,62964,67451,130415,215608,221021,436629
ROCKHAMPTON,2001,4,11040,10873,21913,0,0,0,11040,10873,21913
SUNSHINE COAST,2001,4,9232,9336,18568,0,0,0,9232,9336,18568
SYDNEY,2001,4,771142,754067,1525209,336349,368688,705037,1107491,1122755,2230246
TOWNSVILLE,2001,4,35201,34248,69449,0,0,0,35201,34248,69449
NEWCASTLE,2001,4,9187,10509,19696,0,0,0,9187,10509,19696
ADELAIDE,2001,5,183637,185569,369206,7358,10058,17416,190995,195627,386622
ALICE SPRINGS,2001,5,27569,28405,55974,0,0,0,27569,28405,55974
All Australian Airports,2001,5,2673538,2673538,5347076,582571,656184,1238755,3256109,3329722,6585831
BALLINA,2001,5,3427,3484,6911,0,0,0,3427,3484,6911
BRISBANE,2001,5,414664,418392,833056,98420,91054,189474,513084,509446,1022530
CAIRNS,2001,5,83488,84024,167512,24651,27175,51826,108139,111199,219338
CANBERRA,2001,5,96153,97692,193845,0,0,0,96153,97692,193845
DARWIN,2001,5,39094,38120,77214,6369,6841,13210,45463,44961,90424
GOLD COAST,2001,5,72375,76344,148719,1597,1243,2840,73972,77587,151559
HAMILTON ISLAND,2001,5,10300,10712,21012,0,0,0,10300,10712,21012
HOBART,2001,5,38931,41937,80868,0,0,0,38931,41937,80868
KARRATHA,2001,5,7577,7575,15152,0,0,0,7577,7575,15152
LAUNCESTON,2001,5,18160,19525,37685,0,0,0,18160,19525,37685
MACKAY,2001,5,11989,12119,24108,0,0,0,11989,12119,24108
MELBOURNE,2001,5,560544,558883,1119427,109605,131744,241349,670149,690627,1360776
PERTH,2001,5,143772,144280,288052,51849,59795,111644,195621,204075,399696
ROCKHAMPTON,2001,5,12633,13051,25684,0,0,0,12633,13051,25684
SUNSHINE COAST,2001,5,6744,7151,13895,0,0,0,6744,7151,13895
SYDNEY,2001,5,710334,695835,1406169,281788,327279,609067,992122,1023114,2015236
TOWNSVILLE,2001,5,35638,35290,70928,0,0,0,35638,35290,70928
NEWCASTLE,2001,5,9312,9336,18648,0,0,0,9312,9336,18648
ADELAIDE,2001,6,179919,180333,360252,9350,9540,18890,189269,189873,379142
ALICE SPRINGS,2001,6,28584,29087,57671,0,0,0,28584,29087,57671
All Australian Airports,2001,6,2632742,2632742,5265484,647013,684205,1331218,3279755,3316947,6596702
BALLINA,2001,6,3055,3125,6180,0,0,0,3055,3125,6180
BRISBANE,2001,6,427295,425135,852430,116559,101832,218391,543854,526967,1070821
CAIRNS,2001,6,92745,88592,181337,27756,27252,55008,120501,115844,236345
CANBERRA,2001,6,86268,87675,173943,0,0,0,86268,87675,173943
DARWIN,2001,6,42266,42017,84283,6381,7015,13396,48647,49032,97679
GOLD COAST,2001,6,80222,79439,159661,1674,1394,3068,81896,80833,162729
HAMILTON ISLAND,2001,6,10432,10222,20654,0,0,0,10432,10222,20654
HOBART,2001,6,40377,38279,78656,0,0,0,40377,38279,78656
KARRATHA,2001,6,7323,7529,14852,0,0,0,7323,7529,14852
LAUNCESTON,2001,6,19107,18989,38096,0,0,0,19107,18989,38096
MACKAY,2001,6,11928,12050,23978,0,0,0,11928,12050,23978
MELBOURNE,2001,6,538821,555298,1094119,120697,139429,260126,659518,694727,1354245
PERTH,2001,6,142092,142943,285035,58802,67064,125866,200894,210007,410901
ROCKHAMPTON,2001,6,11726,12092,23818,0,0,0,11726,12092,23818
SUNSHINE COAST,2001,6,7559,7082,14641,0,0,0,7559,7082,14641
SYDNEY,2001,6,679448,672652,1352100,305000,329844,634844,984448,1002496,1986944
TOWNSVILLE,2001,6,34820,34347,69167,0,0,0,34820,34347,69167
NEWCASTLE,2001,6,8088,7967,16055,0,0,0,8088,7967,16055
ADELAIDE,2001,7,202476,201088,403564,11404,10468,21872,213880,211556,425436
ALICE SPRINGS,2001,7,34587,35352,69939,0,0,0,34587,35352,69939
All Australian Airports,2001,7,2907667,2907667,5815334,819763,727134,1546897,3727430,3634801,7362231
BALLINA,2001,7,4359,4327,8686,0,0,0,4359,4327,8686
BRISBANE,2001,7,482402,487483,969885,137364,103190,240554,619766,590673,1210439
CAIRNS,2001,7,107043,105953,212996,29037,28446,57483,136080,134399,270479
CANBERRA,2001,7,92434,91858,184292,0,0,0,92434,91858,184292
DARWIN,2001,7,50348,50352,100700,9376,7228,16604,59724,57580,117304
GOLD COAST,2001,7,84294,84761,169055,1725,1702,3427,86019,86463,172482
HAMILTON ISLAND,2001,7,11847,11984,23831,0,0,0,11847,11984,23831
HOBART,2001,7,39159,39470,78629,0,0,0,39159,39470,78629
KARRATHA,2001,7,7982,7799,15781,0,0,0,7982,7799,15781
LAUNCESTON,2001,7,16895,17366,34261,0,0,0,16895,17366,34261
MACKAY,2001,7,12035,11711,23746,0,0,0,12035,11711,23746
MELBOURNE,2001,7,599694,594442,1194136,160488,135724,296212,760182,730166,1490348
PERTH,2001,7,145502,146823,292325,72886,62759,135645,218388,209582,427970
ROCKHAMPTON,2001,7,11576,11229,22805,0,0,0,11576,11229,22805
SUNSHINE COAST,2001,7,11617,11468,23085,0,0,0,11617,11468,23085
SYDNEY,2001,7,759651,765567,1525218,396511,376642,773153,1156162,1142209,2298371
TOWNSVILLE,2001,7,37021,36088,73109,0,0,0,37021,36088,73109
NEWCASTLE,2001,7,8614,8359,16973,0,0,0,8614,8359,16973
ADELAIDE,2001,8,186452,189084,375536,9823,9193,19016,196275,198277,394552
ALICE SPRINGS,2001,8,31476,33595,65071,0,0,0,31476,33595,65071
All Australian Airports,2001,8,2787460,2787460,5574920,688655,739708,1428363,3476115,3527168,7003283
BALLINA,2001,8,3622,3724,7346,0,0,0,3622,3724,7346
BRISBANE,2001,8,441741,450282,892023,119550,113153,232703,561291,563435,1124726
CAIRNS,2001,8,99359,103004,202363,31795,34133,65928,131154,137137,268291
CANBERRA,2001,8,92346,94238,186584,0,0,0,92346,94238,186584
DARWIN,2001,8,44751,47888,92639,7589,8294,15883,52340,56182,108522
GOLD COAST,2001,8,79610,82342,161952,1506,1567,3073,81116,83909,165025
HAMILTON ISLAND,2001,8,12087,12052,24139,0,0,0,12087,12052,24139
HOBART,2001,8,39251,39231,78482,0,0,0,39251,39231,78482
KARRATHA,2001,8,7684,8046,15730,0,0,0,7684,8046,15730
LAUNCESTON,2001,8,17137,17520,34657,0,0,0,17137,17520,34657
MACKAY,2001,8,11694,11787,23481,0,0,0,11694,11787,23481
MELBOURNE,2001,8,578353,576311,1154664,125942,135805,261747,704295,712116,1416411
PERTH,2001,8,146486,146179,292665,66192,65246,131438,212678,211425,424103
ROCKHAMPTON,2001,8,11360,11573,22933,0,0,0,11360,11573,22933
SUNSHINE COAST,2001,8,11363,11028,22391,0,0,0,11363,11028,22391
SYDNEY,2001,8,742381,717127,1459508,325629,371671,697300,1068010,1088798,2156808
TOWNSVILLE,2001,8,33343,34919,68262,0,0,0,33343,34919,68262
NEWCASTLE,2001,8,8607,8536,17143,0,0,0,8607,8536,17143
ADELAIDE,2001,9,159439,158795,318234,10938,9440,20378,170377,168235,338612
ALICE SPRINGS,2001,9,25809,25410,51219,0,0,0,25809,25410,51219
All Australian Airports,2001,9,2347364,2347364,4694728,691070,687638,1378708,3038434,3035002,6073436
BALLINA,2001,9,3536,3402,6938,0,0,0,3536,3402,6938
BRISBANE,2001,9,389028,392309,781337,117703,111430,229133,506731,503739,1010470
CAIRNS,2001,9,76837,76931,153768,26640,27707,54347,103477,104638,208115
CANBERRA,2001,9,73206,73209,146415,0,0,0,73206,73209,146415
DARWIN,2001,9,32519,34879,67398,8149,6220,14369,40668,41099,81767
GOLD COAST,2001,9,66079,65851,131930,1932,1925,3857,68011,67776,135787
HAMILTON ISLAND,2001,9,11334,11072,22406,0,0,0,11334,11072,22406
HOBART,2001,9,41469,38531,80000,0,0,0,41469,38531,80000
KARRATHA,2001,9,5595,5499,11094,0,0,0,5595,5499,11094
LAUNCESTON,2001,9,16945,16071,33016,0,0,0,16945,16071,33016
MACKAY,2001,9,10635,10763,21398,0,0,0,10635,10763,21398
MELBOURNE,2001,9,494873,496323,991196,137268,134285,271553,632141,630608,1262749
PERTH,2001,9,118382,118527,236909,71776,66339,138115,190158,184866,375024
ROCKHAMPTON,2001,9,9525,9574,19099,0,0,0,9525,9574,19099
SUNSHINE COAST,2001,9,10236,9967,20203,0,0,0,10236,9967,20203
SYDNEY,2001,9,620948,619817,1240765,315765,329483,645248,936713,949300,1886013
TOWNSVILLE,2001,9,28621,29514,58135,0,0,0,28621,29514,58135
NEWCASTLE,2001,9,9244,9189,18433,0,0,0,9244,9189,18433
ADELAIDE,2001,10,159531,155173,314704,12933,9145,22078,172464,164318,336782
ALICE SPRINGS,2001,10,23047,22706,45753,0,0,0,23047,22706,45753
All Australian Airports,2001,10,2294948,2294948,4589896,728889,607169,1336058,3023837,2902117,5925954
BALLINA,2001,10,3841,3879,7720,0,0,0,3841,3879,7720
BRISBANE,2001,10,378078,384559,762637,112802,98633,211435,490880,483192,974072
CAIRNS,2001,10,72155,71607,143762,25650,24925,50575,97805,96532,194337
CANBERRA,2001,10,69103,68934,138037,0,0,0,69103,68934,138037
DARWIN,2001,10,28425,29793,58218,8206,5546,13752,36631,35339,71970
GOLD COAST,2001,10,55802,59036,114838,1599,1855,3454,57401,60891,118292
HAMILTON ISLAND,2001,10,9063,9484,18547,0,0,0,9063,9484,18547
HOBART,2001,10,38041,36223,74264,0,0,0,38041,36223,74264
KARRATHA,2001,10,4613,4660,9273,0,0,0,4613,4660,9273
LAUNCESTON,2001,10,16115,15897,32012,0,0,0,16115,15897,32012
MACKAY,2001,10,10847,11188,22035,0,0,0,10847,11188,22035
MELBOURNE,2001,10,500996,483214,984210,149864,117967,267831,650860,601181,1252041
PERTH,2001,10,114387,116998,231385,77573,58859,136432,191960,175857,367817
ROCKHAMPTON,2001,10,8977,8758,17735,0,0,0,8977,8758,17735
SUNSHINE COAST,2001,10,8454,8710,17164,0,0,0,8454,8710,17164
SYDNEY,2001,10,616408,628258,1244666,339550,289458,629008,955958,917716,1873674
TOWNSVILLE,2001,10,29186,28813,57999,1,8,9,29187,28821,58008
NEWCASTLE,2001,10,9158,9473,18631,0,0,0,9158,9473,18631
ADELAIDE,2001,11,153176,153714,306890,9686,8967,18653,162862,162681,325543
ALICE SPRINGS,2001,11,21191,21793,42984,0,0,0,21191,21793,42984
All Australian Airports,2001,11,2321690,2321690,4643380,617609,620179,1237788,2939299,2941869,5881168
BALLINA,2001,11,3865,3717,7582,0,0,0,3865,3717,7582
BRISBANE,2001,11,363866,363990,727856,91837,91037,182874,455703,455027,910730
CAIRNS,2001,11,73927,76171,150098,26151,26647,52798,100078,102818,202896
CANBERRA,2001,11,71218,71235,142453,0,0,0,71218,71235,142453
DARWIN,2001,11,26393,28035,54428,5417,5026,10443,31810,33061,64871
GOLD COAST,2001,11,61544,62176,123720,2024,2030,4054,63568,64206,127774
HAMILTON ISLAND,2001,11,10014,9972,19986,0,0,0,10014,9972,19986
HOBART,2001,11,39020,39078,78098,0,0,0,39020,39078,78098
KARRATHA,2001,11,5129,5435,10564,0,0,0,5129,5435,10564
LAUNCESTON,2001,11,20880,20954,41834,0,0,0,20880,20954,41834
MACKAY,2001,11,12037,12487,24524,0,0,0,12037,12487,24524
MELBOURNE,2001,11,521118,513200,1034318,128589,127943,256532,649707,641143,1290850
PERTH,2001,11,119436,123339,242775,64610,57426,122036,184046,180765,364811
ROCKHAMPTON,2001,11,8691,9135,17826,0,0,0,8691,9135,17826
SUNSHINE COAST,2001,11,9133,9044,18177,0,0,0,9133,9044,18177
SYDNEY,2001,11,620157,615593,1235750,288534,300354,588888,908691,915947,1824638
TOWNSVILLE,2001,11,26444,27455,53899,44,44,88,26488,27499,53987
NEWCASTLE,2001,11,8920,8813,17733,0,0,0,8920,8813,17733
ADELAIDE,2001,12,157935,156951,314886,9894,10109,20003,167829,167060,334889
ALICE SPRINGS,2001,12,18084,19999,38083,0,0,0,18084,19999,38083
All Australian Airports,2001,12,2396555,2396555,4793110,730275,762019,1492294,3126830,3158574,6285404
BALLINA,2001,12,4484,4050,8534,0,0,0,4484,4050,8534
BRISBANE,2001,12,393651,384993,778644,106648,104084,210732,500299,489077,989376
CAIRNS,2001,12,75914,76387,152301,30451,24643,55094,106365,101030,207395
CANBERRA,2001,12,65794,67946,133740,0,0,0,65794,67946,133740
DARWIN,2001,12,25025,31654,56679,3401,4646,8047,28426,36300,64726
GOLD COAST,2001,12,72227,69824,142051,3131,3468,6599,75358,73292,148650
HAMILTON ISLAND,2001,12,11704,10686,22390,0,0,0,11704,10686,22390
HOBART,2001,12,46874,39853,86727,0,0,0,46874,39853,86727
KARRATHA,2001,12,4531,5754,10285,0,0,0,4531,5754,10285
LAUNCESTON,2001,12,30129,27690,57819,0,0,0,30129,27690,57819
MACKAY,2001,12,13045,12678,25723,0,0,0,13045,12678,25723
MELBOURNE,2001,12,522691,538416,1061107,148224,162551,310775,670915,700967,1371882
PERTH,2001,12,140544,136575,277119,75393,73957,149350,215937,210532,426469
ROCKHAMPTON,2001,12,8054,7597,15651,0,0,0,8054,7597,15651
SUNSHINE COAST,2001,12,9594,8599,18193,0,0,0,9594,8599,18193
SYDNEY,2001,12,625983,623216,1249199,351844,377254,729098,977827,1000470,1978297
TOWNSVILLE,2001,12,26478,28374,54852,23,27,50,26501,28401,54902
NEWCASTLE,2001,12,7642,7453,15095,493,561,1054,8135,8014,16149
ADELAIDE,2002,1,158681,159105,317786,10638,9181,19819,169319,168286,337605
ALICE SPRINGS,2002,1,19300,18510,37810,0,0,0,19300,18510,37810
All Australian Airports,2002,1,2471797,2471797,4943594,782505,745134,1527639,3254302,3216931,6471233
BALLINA,2002,1,3786,4523,8309,0,0,0,3786,4523,8309
BRISBANE,2002,1,396832,417089,813921,109527,100027,209554,506359,517116,1023475
CAIRNS,2002,1,72663,77322,149985,28140,28915,57055,100803,106237,207040
CANBERRA,2002,1,60652,58819,119471,0,0,0,60652,58819,119471
DARWIN,2002,1,32525,27341,59866,4841,3710,8551,37366,31051,68417
GOLD COAST,2002,1,75993,81268,157261,3720,3810,7530,79713,85078,164791
HAMILTON ISLAND,2002,1,10950,12199,23149,0,0,0,10950,12199,23149
HOBART,2002,1,44822,52942,97764,0,0,0,44822,52942,97764
KARRATHA,2002,1,5208,4560,9768,0,0,0,5208,4560,9768
LAUNCESTON,2002,1,28883,31966,60849,0,0,0,28883,31966,60849
MACKAY,2002,1,12894,13725,26619,0,0,0,12894,13725,26619
MELBOURNE,2002,1,580831,551074,1131905,168339,154245,322584,749170,705319,1454489
PERTH,2002,1,141743,153902,295645,74537,71902,146439,216280,225804,442084
ROCKHAMPTON,2002,1,7494,7697,15191,0,0,0,7494,7697,15191
SUNSHINE COAST,2002,1,9694,10794,20488,0,0,0,9694,10794,20488
SYDNEY,2002,1,647747,629361,1277108,381444,371770,753214,1029191,1001131,2030322
TOWNSVILLE,2002,1,26206,24676,50882,0,0,0,26206,24676,50882
NEWCASTLE,2002,1,6966,6995,13961,805,876,1681,7771,7871,15642
ADELAIDE,2002,2,153111,150565,303676,9245,7261,16506,162356,157826,320182
ALICE SPRINGS,2002,2,18262,17805,36067,0,0,0,18262,17805,36067
All Australian Airports,2002,2,2261521,2261521,4523042,691276,625125,1316401,2952797,2886646,5839443
BALLINA,2002,2,3259,3501,6760,0,0,0,3259,3501,6760
BRISBANE,2002,2,343655,346735,690390,98031,87700,185731,441686,434435,876121
CAIRNS,2002,2,65592,69309,134901,28950,25119,54069,94542,94428,188970
CANBERRA,2002,2,74979,74058,149037,0,0,0,74979,74058,149037
DARWIN,2002,2,25960,26439,52399,3298,3043,6341,29258,29482,58740
GOLD COAST,2002,2,60523,65176,125699,2875,2736,5611,63398,67912,131310
HAMILTON ISLAND,2002,2,9295,9390,18685,0,0,0,9295,9390,18685
HOBART,2002,2,45121,44482,89603,0,0,0,45121,44482,89603
KARRATHA,2002,2,5411,5691,11102,0,0,0,5411,5691,11102
LAUNCESTON,2002,2,25688,24860,50548,0,0,0,25688,24860,50548
MACKAY,2002,2,11541,11587,23128,0,0,0,11541,11587,23128
MELBOURNE,2002,2,519722,507977,1027699,149598,124476,274074,669320,632453,1301773
PERTH,2002,2,129722,136090,265812,69733,55801,125534,199455,191891,391346
ROCKHAMPTON,2002,2,7445,7705,15150,0,0,0,7445,7705,15150
SUNSHINE COAST,2002,2,7175,7064,14239,0,0,0,7175,7064,14239
SYDNEY,2002,2,592765,588710,1181475,328497,317977,646474,921262,906687,1827949
TOWNSVILLE,2002,2,23355,23746,47101,0,0,0,23355,23746,47101
NEWCASTLE,2002,2,7566,7704,15270,616,636,1252,8182,8340,16522
ADELAIDE,2002,3,175081,175524,350605,9520,9248,18768,184601,184772,369373
ALICE SPRINGS,2002,3,21829,21684,43513,0,0,0,21829,21684,43513
All Australian Airports,2002,3,2468809,2468809,4937618,718368,729751,1448119,3187177,3198560,6385737
BALLINA,2002,3,4449,4161,8610,0,0,0,4449,4161,8610
BRISBANE,2002,3,377957,376385,754342,105155,95557,200712,483112,471942,955054
CAIRNS,2002,3,81376,79454,160830,33218,31235,64453,114594,110689,225283
CANBERRA,2002,3,81851,81435,163286,0,0,0,81851,81435,163286
DARWIN,2002,3,32474,31955,64429,3936,4230,8166,36410,36185,72595
GOLD COAST,2002,3,70604,70324,140928,4248,3690,7938,74852,74014,148866
HAMILTON ISLAND,2002,3,10887,10191,21078,0,0,0,10887,10191,21078
HOBART,2002,3,42869,44412,87281,0,0,0,42869,44412,87281
KARRATHA,2002,3,5977,6161,12138,0,0,0,5977,6161,12138
LAUNCESTON,2002,3,27545,28412,55957,0,0,0,27545,28412,55957
MACKAY,2002,3,12781,12521,25302,0,0,0,12781,12521,25302
MELBOURNE,2002,3,543351,562766,1106117,152356,156881,309237,695707,719647,1415354
PERTH,2002,3,136523,135185,271708,72426,67876,140302,208949,203061,412010
ROCKHAMPTON,2002,3,8511,8409,16920,0,0,0,8511,8409,16920
SUNSHINE COAST,2002,3,8379,8154,16533,0,0,0,8379,8154,16533
SYDNEY,2002,3,637468,625572,1263040,336029,359582,695611,973497,985154,1958651
TOWNSVILLE,2002,3,27227,27139,54366,0,0,0,27227,27139,54366
NEWCASTLE,2002,3,8784,8608,17392,697,690,1387,9481,9298,18779
ADELAIDE,2002,4,160797,163575,324372,8064,9920,17984,168861,173495,342356
ALICE SPRINGS,2002,4,21415,21621,43036,0,0,0,21415,21621,43036
All Australian Airports,2002,4,2340454,2340454,4680908,624593,673756,1298349,2965047,3014210,5979257
BALLINA,2002,4,3937,4557,8494,0,0,0,3937,4557,8494
BRISBANE,2002,4,356947,364468,721415,96762,93619,190381,453709,458087,911796
CAIRNS,2002,4,80108,81251,161359,29253,29918,59171,109361,111169,220530
CANBERRA,2002,4,77334,77739,155073,0,0,0,77334,77739,155073
DARWIN,2002,4,34426,32452,66878,3825,3657,7482,38251,36109,74360
GOLD COAST,2002,4,66459,68343,134802,3681,3512,7193,70140,71855,141995
HAMILTON ISLAND,2002,4,10313,10930,21243,0,0,0,10313,10930,21243
HOBART,2002,4,36042,38623,74665,0,0,0,36042,38623,74665
KARRATHA,2002,4,6495,6505,13000,0,0,0,6495,6505,13000
LAUNCESTON,2002,4,23910,24949,48859,0,0,0,23910,24949,48859
MACKAY,2002,4,12820,12917,25737,0,0,0,12820,12917,25737
MELBOURNE,2002,4,513909,500317,1014226,123765,129504,253269,637674,629821,1267495
PERTH,2002,4,127898,136539,264437,56825,68791,125616,184723,205330,390053
ROCKHAMPTON,2002,4,8558,8462,17020,0,0,0,8558,8462,17020
SUNSHINE COAST,2002,4,7654,8297,15951,0,0,0,7654,8297,15951
SYDNEY,2002,4,606441,591864,1198305,300847,333360,634207,907288,925224,1832512
TOWNSVILLE,2002,4,27947,27374,55321,0,0,0,27947,27374,55321
NEWCASTLE,2002,4,8634,8796,17430,865,754,1619,9499,9550,19049
ADELAIDE,2002,5,161306,162698,324004,7399,9532,16931,168705,172230,340935
ALICE SPRINGS,2002,5,20950,21889,42839,0,0,0,20950,21889,42839
All Australian Airports,2002,5,2324569,2324569,4649138,574897,636866,1211763,2899466,2961435,5860901
BALLINA,2002,5,3429,3421,6850,0,0,0,3429,3421,6850
BRISBANE,2002,5,351704,353091,704795,92762,88673,181435,444466,441764,886230
CAIRNS,2002,5,80502,78574,159076,28581,30130,58711,109083,108704,217787
CANBERRA,2002,5,83310,84827,168137,0,0,0,83310,84827,168137
DARWIN,2002,5,39144,37849,76993,3866,4931,8797,43010,42780,85790
GOLD COAST,2002,5,61235,62536,123771,3808,3370,7178,65043,65906,130949
HAMILTON ISLAND,2002,5,8703,9095,17798,0,0,0,8703,9095,17798
HOBART,2002,5,31412,35408,66820,0,0,0,31412,35408,66820
KARRATHA,2002,5,6916,7038,13954,0,0,0,6916,7038,13954
LAUNCESTON,2002,5,19874,22308,42182,0,0,0,19874,22308,42182
MACKAY,2002,5,13579,13698,27277,0,0,0,13579,13698,27277
MELBOURNE,2002,5,505588,501610,1007198,107018,125821,232839,612606,627431,1240037
PERTH,2002,5,130450,129651,260101,57756,62436,120192,188206,192087,380293
ROCKHAMPTON,2002,5,9424,9593,19017,0,0,0,9424,9593,19017
SUNSHINE COAST,2002,5,7224,7271,14495,0,0,0,7224,7271,14495
SYDNEY,2002,5,596071,587439,1183510,272660,311046,583706,868731,898485,1767216
TOWNSVILLE,2002,5,29609,29707,59316,0,0,0,29609,29707,59316
NEWCASTLE,2002,5,9230,9312,18542,412,307,719,9642,9619,19261
ADELAIDE,2002,6,146834,144196,291030,8463,9154,17617,155297,153350,308647
ALICE SPRINGS,2002,6,22347,22848,45195,0,0,0,22347,22848,45195
All Australian Airports,2002,6,2240713,2240713,4481426,605461,658503,1263964,2846174,2899216,5745390
BALLINA,2002,6,2956,2890,5846,0,0,0,2956,2890,5846
BRISBANE,2002,6,346921,353004,699925,102396,98871,201267,449317,451875,901192
CAIRNS,2002,6,87111,83316,170427,31758,29190,60948,118869,112506,231375
CANBERRA,2002,6,77452,77325,154777,0,0,0,77452,77325,154777
DARWIN,2002,6,43022,41172,84194,4271,5062,9333,47293,46234,93527
GOLD COAST,2002,6,71822,71342,143164,3773,3146,6919,75595,74488,150083
HAMILTON ISLAND,2002,6,7619,7452,15071,0,0,0,7619,7452,15071
HOBART,2002,6,33815,31463,65278,0,0,0,33815,31463,65278
KARRATHA,2002,6,5996,6200,12196,0,0,0,5996,6200,12196
LAUNCESTON,2002,6,21228,20423,41651,0,0,0,21228,20423,41651
MACKAY,2002,6,13724,13438,27162,0,0,0,13724,13438,27162
MELBOURNE,2002,6,470175,486993,957168,113347,133486,246833,583522,620479,1204001
PERTH,2002,6,118474,119392,237866,59217,67405,126622,177691,186797,364488
ROCKHAMPTON,2002,6,9116,9076,18192,0,0,0,9116,9076,18192
SUNSHINE COAST,2002,6,7959,7436,15395,0,0,0,7959,7436,15395
SYDNEY,2002,6,565985,557427,1123412,281121,311137,592258,847106,868564,1715670
TOWNSVILLE,2002,6,31357,31120,62477,0,0,0,31357,31120,62477
NEWCASTLE,2002,6,8210,7916,16126,415,358,773,8625,8274,16899
ADELAIDE,2002,7,169272,169260,338532,11119,9866,20985,180391,179126,359517
ALICE SPRINGS,2002,7,27789,28297,56086,0,0,0,27789,28297,56086
All Australian Airports,2002,7,2572593,2572593,5145186,778916,685532,1464448,3351509,3258125,6609634
BALLINA,2002,7,3245,3304,6549,0,0,0,3245,3304,6549
BRISBANE,2002,7,404843,401209,806052,125385,100731,226116,530228,501940,1032168
CAIRNS,2002,7,103269,101612,204881,33028,31489,64517,136297,133101,269398
CANBERRA,2002,7,79042,78486,157528,0,0,0,79042,78486,157528
DARWIN,2002,7,51116,51396,102512,5864,5302,11166,56980,56698,113678
GOLD COAST,2002,7,90261,91009,181270,4771,4547,9318,95032,95556,190588
HAMILTON ISLAND,2002,7,10377,10538,20915,0,0,0,10377,10538,20915
HOBART,2002,7,32045,33062,65107,0,0,0,32045,33062,65107
KARRATHA,2002,7,6837,6857,13694,0,0,0,6837,6857,13694
LAUNCESTON,2002,7,19840,20519,40359,0,0,0,19840,20519,40359
MACKAY,2002,7,15226,15264,30490,0,0,0,15226,15264,30490
MELBOURNE,2002,7,541290,528862,1070152,154111,130785,284896,695401,659647,1355048
PERTH,2002,7,141346,145697,287043,74196,63105,137301,215542,208802,424344
ROCKHAMPTON,2002,7,10560,10169,20729,0,0,0,10560,10169,20729
SUNSHINE COAST,2002,7,10483,9940,20423,0,0,0,10483,9940,20423
SYDNEY,2002,7,648012,660569,1308581,369163,338385,707548,1017175,998954,2016129
TOWNSVILLE,2002,7,36541,35832,72373,0,0,0,36541,35832,72373
NEWCASTLE,2002,7,8711,8605,17316,547,570,1117,9258,9175,18433
ADELAIDE,2002,8,165574,166644,332218,10171,9170,19341,175745,175814,351559
ALICE SPRINGS,2002,8,26703,27809,54512,0,0,0,26703,27809,54512
All Australian Airports,2002,8,2528899,2528899,5057798,672938,713414,1386352,3201837,3242313,6444150
BALLINA,2002,8,2800,2661,5461,0,0,0,2800,2661,5461
BRISBANE,2002,8,381406,386187,767593,113061,111913,224974,494467,498100,992567
CAIRNS,2002,8,102352,103651,206003,34601,38315,72916,136953,141966,278919
CANBERRA,2002,8,81752,82379,164131,0,0,0,81752,82379,164131
DARWIN,2002,8,46819,49364,96183,5132,5933,11065,51951,55297,107248
GOLD COAST,2002,8,84527,86575,171102,4422,4619,9041,88949,91194,180143
HAMILTON ISLAND,2002,8,11768,11632,23400,0,0,0,11768,11632,23400
HOBART,2002,8,32202,33238,65440,0,0,0,32202,33238,65440
KARRATHA,2002,8,6228,6551,12779,0,0,0,6228,6551,12779
LAUNCESTON,2002,8,19652,19847,39499,0,0,0,19652,19847,39499
MACKAY,2002,8,14931,15300,30231,0,0,0,14931,15300,30231
MELBOURNE,2002,8,535017,533705,1068722,128752,128883,257635,663769,662588,1326357
PERTH,2002,8,136980,137579,274559,67477,67349,134826,204457,204928,409385
ROCKHAMPTON,2002,8,11320,11522,22842,0,0,0,11320,11522,22842
SUNSHINE COAST,2002,8,10103,9722,19825,0,0,0,10103,9722,19825
SYDNEY,2002,8,648952,630335,1279287,308310,346303,654613,957262,976638,1933900
TOWNSVILLE,2002,8,32799,34003,66802,0,0,0,32799,34003,66802
NEWCASTLE,2002,8,7671,7684,15355,456,383,839,8127,8067,16194
ADELAIDE,2002,9,171831,174070,345901,10182,9382,19564,182013,183452,365465
ALICE SPRINGS,2002,9,25337,25748,51085,0,0,0,25337,25748,51085
All Australian Airports,2002,9,2573222,2573222,5146444,675669,682676,1358345,3248891,3255898,6504789
BALLINA,2002,9,3289,3047,6336,0,0,0,3289,3047,6336
BRISBANE,2002,9,395624,394134,789758,108786,107761,216547,504410,501895,1006305
CAIRNS,2002,9,95435,91084,186519,30969,32670,63639,126404,123754,250158
CANBERRA,2002,9,78891,80539,159430,0,0,0,78891,80539,159430
DARWIN,2002,9,40838,42045,82883,5459,5258,10717,46297,47303,93600
GOLD COAST,2002,9,91867,89528,181395,4888,5130,10018,96755,94658,191413
HAMILTON ISLAND,2002,9,13122,11989,25111,0,0,0,13122,11989,25111
HOBART,2002,9,40597,37562,78159,0,0,0,40597,37562,78159
KARRATHA,2002,9,6636,6706,13342,0,0,0,6636,6706,13342
LAUNCESTON,2002,9,23438,21714,45152,0,0,0,23438,21714,45152
MACKAY,2002,9,15747,15400,31147,0,0,0,15747,15400,31147
MELBOURNE,2002,9,548333,560591,1108924,136250,134719,270969,684583,695310,1379893
PERTH,2002,9,142716,143178,285894,72429,68170,140599,215145,211348,426493
ROCKHAMPTON,2002,9,11663,11732,23395,0,0,0,11663,11732,23395
SUNSHINE COAST,2002,9,11574,10717,22291,0,0,0,11574,10717,22291
SYDNEY,2002,9,644720,645440,1290160,305796,318780,624576,950516,964220,1914736
TOWNSVILLE,2002,9,33682,34020,67702,0,0,0,33682,34020,67702
NEWCASTLE,2002,9,8097,8135,16232,63,57,120,8160,8192,16352
ADELAIDE,2002,10,188974,184900,373874,11179,8100,19279,200153,193000,393153
ALICE SPRINGS,2002,10,27258,27802,55060,0,0,0,27258,27802,55060
All Australian Airports,2002,10,2766103,2766103,5532206,803668,654313,1457981,3569771,3420416,6990187
BALLINA,2002,10,3873,3900,7773,0,0,0,3873,3900,7773
BRISBANE,2002,10,418367,427799,846166,119081,99545,218626,537448,527344,1064792
CAIRNS,2002,10,98936,99129,198065,37340,32436,69776,136276,131565,267841
CANBERRA,2002,10,88720,85335,174055,0,0,0,88720,85335,174055
DARWIN,2002,10,38925,41582,80507,5671,3997,9668,44596,45579,90175
GOLD COAST,2002,10,95704,98753,194457,5058,5222,10280,100762,103975,204737
HAMILTON ISLAND,2002,10,13959,14397,28356,0,0,0,13959,14397,28356
HOBART,2002,10,40909,41649,82558,0,0,0,40909,41649,82558
KARRATHA,2002,10,7430,7353,14783,0,0,0,7430,7353,14783
LAUNCESTON,2002,10,22746,23111,45857,0,0,0,22746,23111,45857
MACKAY,2002,10,16001,16475,32476,0,0,0,16001,16475,32476
MELBOURNE,2002,10,595996,579916,1175912,158574,122869,281443,754570,702785,1457355
PERTH,2002,10,156056,161700,317756,83677,60706,144383,239733,222406,462139
ROCKHAMPTON,2002,10,12127,12405,24532,0,0,0,12127,12405,24532
SUNSHINE COAST,2002,10,12886,12993,25879,0,0,0,12886,12993,25879
SYDNEY,2002,10,709813,707018,1416831,382244,320522,702766,1092057,1027540,2119597
TOWNSVILLE,2002,10,34581,34975,69556,0,0,0,34581,34975,69556
NEWCASTLE,2002,10,8427,8517,16944,0,0,0,8427,8517,16944
ADELAIDE,2002,11,171460,171331,342791,9875,7582,17457,181335,178913,360248
ALICE SPRINGS,2002,11,23203,24044,47247,0,0,0,23203,24044,47247
All Australian Airports,2002,11,2551573,2551573,5103146,693245,696741,1389986,3244818,3248314,6493132
BALLINA,2002,11,3386,3238,6624,0,0,0,3386,3238,6624
BRISBANE,2002,11,386074,387890,773964,106466,104668,211134,492540,492558,985098
CAIRNS,2002,11,90423,91004,181427,35324,36121,71445,125747,127125,252872
CANBERRA,2002,11,83652,83325,166977,0,0,0,83652,83325,166977
DARWIN,2002,11,31300,32944,64244,2954,3133,6087,34254,36077,70331
GOLD COAST,2002,11,77199,79050,156249,7588,7171,14759,84787,86221,171008
HAMILTON ISLAND,2002,11,12822,13663,26485,0,0,0,12822,13663,26485
HOBART,2002,11,41032,40511,81543,0,0,0,41032,40511,81543
KARRATHA,2002,11,6485,6707,13192,0,0,0,6485,6707,13192
LAUNCESTON,2002,11,22129,22374,44503,0,0,0,22129,22374,44503
MACKAY,2002,11,14565,14667,29232,0,0,0,14565,14667,29232
MELBOURNE,2002,11,547188,550935,1098123,138174,132791,270965,685362,683726,1369088
PERTH,2002,11,143646,144100,287746,71636,64282,135918,215282,208382,423664
ROCKHAMPTON,2002,11,11427,11407,22834,0,0,0,11427,11407,22834
SUNSHINE COAST,2002,11,13358,13256,26614,0,0,0,13358,13256,26614
SYDNEY,2002,11,669195,655810,1325005,320663,340448,661111,989858,996258,1986116
TOWNSVILLE,2002,11,29970,30630,60600,0,0,0,29970,30630,60600
NEWCASTLE,2002,11,7953,7974,15927,0,0,0,7953,7974,15927
ADELAIDE,2002,12,173159,176362,349521,9593,10507,20100,182752,186869,369621
ALICE SPRINGS,2002,12,19783,22001,41784,0,0,0,19783,22001,41784
All Australian Airports,2002,12,2603142,2603142,5206284,750231,808795,1559026,3353373,3411937,6765310
BALLINA,2002,12,4221,3728,7949,0,0,0,4221,3728,7949
BRISBANE,2002,12,400403,394796,795199,113011,113594,226605,513414,508390,1021804
CAIRNS,2002,12,87834,86336,174170,35910,33646,69556,123744,119982,243726
CANBERRA,2002,12,75598,77266,152864,0,0,0,75598,77266,152864
DARWIN,2002,12,28244,34759,63003,2446,3392,5838,30690,38151,68841
GOLD COAST,2002,12,91110,86626,177736,7984,9358,17342,99094,95984,195078
HAMILTON ISLAND,2002,12,13627,11945,25572,0,0,0,13627,11945,25572
HOBART,2002,12,49283,44181,93464,0,0,0,49283,44181,93464
KARRATHA,2002,12,5711,7260,12971,0,0,0,5711,7260,12971
LAUNCESTON,2002,12,28517,26475,54992,0,0,0,28517,26475,54992
MACKAY,2002,12,14806,14624,29430,0,0,0,14806,14624,29430
MELBOURNE,2002,12,548669,568334,1117003,147524,161483,309007,696193,729817,1426010
PERTH,2002,12,162738,160010,322748,77846,80844,158690,240584,240854,481438
ROCKHAMPTON,2002,12,12396,12153,24549,0,0,0,12396,12153,24549
SUNSHINE COAST,2002,12,15358,14209,29567,0,0,0,15358,14209,29567
SYDNEY,2002,12,677706,663488,1341194,355308,395383,750691,1033014,1058871,2091885
TOWNSVILLE,2002,12,29768,32560,62328,0,0,0,29768,32560,62328
NEWCASTLE,2002,12,8172,8269,16441,0,0,0,8172,8269,16441
ADELAIDE,2003,1,171655,172757,344412,11042,9146,20188,182697,181903,364600
ALICE SPRINGS,2003,1,20730,20587,41317,0,0,0,20730,20587,41317
All Australian Airports,2003,1,2607689,2607689,5215378,829075,769151,1598226,3436764,3376840,6813604
BALLINA,2003,1,4027,4630,8657,0,0,0,4027,4630,8657
BRISBANE,2003,1,399945,414220,814165,120454,107391,227845,520399,521611,1042010
CAIRNS,2003,1,83214,86166,169380,35904,34735,70639,119118,120901,240019
CANBERRA,2003,1,64814,60851,125665,0,0,0,64814,60851,125665
DARWIN,2003,1,32793,28694,61487,3367,2482,5849,36160,31176,67336
GOLD COAST,2003,1,95798,100198,195996,5116,5388,10504,100914,105586,206500
HAMILTON ISLAND,2003,1,13441,15601,29042,0,0,0,13441,15601,29042
HOBART,2003,1,47494,53168,100662,0,0,0,47494,53168,100662
KARRATHA,2003,1,6945,5803,12748,0,0,0,6945,5803,12748
LAUNCESTON,2003,1,29683,33015,62698,0,0,0,29683,33015,62698
MACKAY,2003,1,14537,14906,29443,0,0,0,14537,14906,29443
MELBOURNE,2003,1,578067,556128,1134195,166711,148063,314774,744778,704191,1448969
PERTH,2003,1,158915,168237,327152,78546,72174,150720,237461,240411,477872
ROCKHAMPTON,2003,1,13018,13618,26636,0,0,0,13018,13618,26636
SUNSHINE COAST,2003,1,17427,18619,36046,0,0,0,17427,18619,36046
SYDNEY,2003,1,672794,660865,1333659,407482,389333,796815,1080276,1050198,2130474
TOWNSVILLE,2003,1,30443,28506,58949,0,0,0,30443,28506,58949
NEWCASTLE,2003,1,7630,7737,15367,0,0,0,7630,7737,15367
ADELAIDE,2003,2,160695,160604,321299,9785,6665,16450,170480,167269,337749
ALICE SPRINGS,2003,2,19333,18877,38210,0,0,0,19333,18877,38210
All Australian Airports,2003,2,2351278,2351278,4702556,701588,612085,1313673,3052866,2963363,6016229
BALLINA,2003,2,3042,3032,6074,0,0,0,3042,3032,6074
BRISBANE,2003,2,347217,352038,699255,100068,88166,188234,447285,440204,887489
CAIRNS,2003,2,70041,71162,141203,30925,30161,61086,100966,101323,202289
CANBERRA,2003,2,76967,75730,152697,0,0,0,76967,75730,152697
DARWIN,2003,2,25510,25846,51356,2511,2268,4779,28021,28114,56135
GOLD COAST,2003,2,75336,76214,151550,4336,4215,8551,79672,80429,160101
HAMILTON ISLAND,2003,2,9513,9624,19137,0,0,0,9513,9624,19137
HOBART,2003,2,45789,43549,89338,0,0,0,45789,43549,89338
KARRATHA,2003,2,5343,5505,10848,0,0,0,5343,5505,10848
LAUNCESTON,2003,2,26462,25522,51984,0,0,0,26462,25522,51984
MACKAY,2003,2,13198,13394,26592,0,0,0,13198,13394,26592
MELBOURNE,2003,2,520670,520133,1040803,147228,114253,261481,667898,634386,1302284
PERTH,2003,2,136400,140060,276460,71789,56256,128045,208189,196316,404505
ROCKHAMPTON,2003,2,13412,13281,26693,0,0,0,13412,13281,26693
SUNSHINE COAST,2003,2,11940,12219,24159,0,0,0,11940,12219,24159
SYDNEY,2003,2,607387,600973,1208360,334481,309670,644151,941868,910643,1852511
TOWNSVILLE,2003,2,26380,26457,52837,0,0,0,26380,26457,52837
NEWCASTLE,2003,2,8010,7872,15882,0,0,0,8010,7872,15882
ADELAIDE,2003,3,182599,185091,367690,8401,8183,16584,191000,193274,384274
ALICE SPRINGS,2003,3,22207,22531,44738,0,0,0,22207,22531,44738
All Australian Airports,2003,3,2622464,2622464,5244928,649712,663428,1313140,3272176,3285892,6558068
BALLINA,2003,3,3560,3590,7150,0,0,0,3560,3590,7150
BRISBANE,2003,3,384550,384427,768977,94000,92890,186890,478550,477317,955867
CAIRNS,2003,3,80613,79654,160267,32065,34794,66859,112678,114448,227126
CANBERRA,2003,3,85230,85107,170337,0,0,0,85230,85107,170337
DARWIN,2003,3,30025,29855,59880,2755,2796,5551,32780,32651,65431
GOLD COAST,2003,3,81758,82944,164702,6050,5250,11300,87808,88194,176002
HAMILTON ISLAND,2003,3,10865,10985,21850,0,0,0,10865,10985,21850
HOBART,2003,3,48453,50088,98541,0,0,0,48453,50088,98541
KARRATHA,2003,3,6708,6102,12810,0,0,0,6708,6102,12810
LAUNCESTON,2003,3,27411,28218,55629,0,0,0,27411,28218,55629
MACKAY,2003,3,15570,15127,30697,0,0,0,15570,15127,30697
MELBOURNE,2003,3,578354,581268,1159622,133746,129527,263273,712100,710795,1422895
PERTH,2003,3,156746,158020,314766,64852,65621,130473,221598,223641,445239
ROCKHAMPTON,2003,3,14036,13814,27850,0,0,0,14036,13814,27850
SUNSHINE COAST,2003,3,13973,13671,27644,0,0,0,13973,13671,27644
SYDNEY,2003,3,671900,664640,1336540,307115,323868,630983,979015,988508,1967523
TOWNSVILLE,2003,3,32186,31724,63910,0,0,0,32186,31724,63910
NEWCASTLE,2003,3,8645,8420,17065,0,0,0,8645,8420,17065
ADELAIDE,2003,4,175685,177760,353445,6541,7098,13639,182226,184858,367084
ALICE SPRINGS,2003,4,22395,22989,45384,0,0,0,22395,22989,45384
All Australian Airports,2003,4,2577357,2577357,5154714,560217,582709,1142926,3137574,3160066,6297640
BALLINA,2003,4,3924,3862,7786,0,0,0,3924,3862,7786
BRISBANE,2003,4,400219,398635,798854,90090,87917,178007,490309,486552,976861
CAIRNS,2003,4,85346,85705,171051,25439,27552,52991,110785,113257,224042
CANBERRA,2003,4,77215,77236,154451,0,0,0,77215,77236,154451
DARWIN,2003,4,35057,34290,69347,2549,2836,5385,37606,37126,74732
GOLD COAST,2003,4,81607,82352,163959,5969,5881,11850,87576,88233,175809
HAMILTON ISLAND,2003,4,11581,11393,22974,0,0,0,11581,11393,22974
HOBART,2003,4,44616,46789,91405,0,0,0,44616,46789,91405
KARRATHA,2003,4,7260,7123,14383,0,0,0,7260,7123,14383
LAUNCESTON,2003,4,24142,24620,48762,0,0,0,24142,24620,48762
MACKAY,2003,4,16668,16746,33414,0,0,0,16668,16746,33414
MELBOURNE,2003,4,549415,549432,1098847,107381,109427,216808,656796,658859,1315655
PERTH,2003,4,152996,158277,311273,52889,56287,109176,205885,214564,420449
ROCKHAMPTON,2003,4,14816,14279,29095,0,0,0,14816,14279,29095
SUNSHINE COAST,2003,4,13757,13953,27710,0,0,0,13757,13953,27710
SYDNEY,2003,4,655777,646027,1301804,268547,284854,553401,924324,930881,1855205
TOWNSVILLE,2003,4,33436,33358,66794,0,0,0,33436,33358,66794
NEWCASTLE,2003,4,8457,8297,16754,0,0,0,8457,8297,16754
ADELAIDE,2003,5,174160,174837,348997,4880,6339,11219,179040,181176,360216
ALICE SPRINGS,2003,5,22117,22509,44626,0,0,0,22117,22509,44626
All Australian Airports,2003,5,2544617,2544617,5089234,479079,524420,1003499,3023696,3069037,6092733
BALLINA,2003,5,3018,3060,6078,0,0,0,3018,3060,6078
BRISBANE,2003,5,382577,377008,759585,78835,78635,157470,461412,455643,917055
CAIRNS,2003,5,85471,86450,171921,19872,20728,40600,105343,107178,212521
CANBERRA,2003,5,83843,85711,169554,0,0,0,83843,85711,169554
DARWIN,2003,5,38312,37911,76223,2599,3649,6248,40911,41560,82471
GOLD COAST,2003,5,74586,75359,149945,5646,5157,10803,80232,80516,160748
HAMILTON ISLAND,2003,5,9463,9878,19341,0,0,0,9463,9878,19341
HOBART,2003,5,42167,44637,86804,0,0,0,42167,44637,86804
KARRATHA,2003,5,7460,7748,15208,0,0,0,7460,7748,15208
LAUNCESTON,2003,5,20288,22605,42893,0,0,0,20288,22605,42893
MACKAY,2003,5,16499,16885,33384,0,0,0,16499,16885,33384
MELBOURNE,2003,5,551368,548871,1100239,89779,100828,190607,641147,649699,1290846
PERTH,2003,5,157762,158397,316159,45320,50501,95821,203082,208898,411980
ROCKHAMPTON,2003,5,14905,15103,30008,0,0,0,14905,15103,30008
SUNSHINE COAST,2003,5,14517,14462,28979,0,0,0,14517,14462,28979
SYDNEY,2003,5,642532,636564,1279096,231588,257885,489473,874120,894449,1768569
TOWNSVILLE,2003,5,33215,33208,66423,0,0,0,33215,33208,66423
NEWCASTLE,2003,5,8515,8375,16890,0,0,0,8515,8375,16890
ADELAIDE,2003,6,162027,163001,325028,5811,6511,12322,167838,169512,337350
ALICE SPRINGS,2003,6,25557,26198,51755,0,0,0,25557,26198,51755
All Australian Airports,2003,6,2522579,2522579,5045158,533464,587351,1120815,3056043,3109930,6165973
BALLINA,2003,6,2840,2802,5642,0,0,0,2840,2802,5642
BRISBANE,2003,6,386029,392681,778710,89626,90844,180470,475655,483525,959180
CAIRNS,2003,6,92877,90182,183059,24576,23926,48502,117453,114108,231561
CANBERRA,2003,6,84837,83825,168662,0,0,0,84837,83825,168662
DARWIN,2003,6,45471,42770,88241,3097,3856,6953,48568,46626,95194
GOLD COAST,2003,6,77318,75893,153211,6428,5836,12264,83746,81729,165475
HAMILTON ISLAND,2003,6,10053,9244,19297,0,0,0,10053,9244,19297
HOBART,2003,6,38951,37633,76584,0,0,0,38951,37633,76584
KARRATHA,2003,6,7460,7128,14588,0,0,0,7460,7128,14588
LAUNCESTON,2003,6,21312,20717,42029,0,0,0,21312,20717,42029
MACKAY,2003,6,17962,17333,35295,0,0,0,17962,17333,35295
MELBOURNE,2003,6,528728,544608,1073336,98707,115855,214562,627435,660463,1287898
PERTH,2003,6,146819,147447,294266,51203,56388,107591,198022,203835,401857
ROCKHAMPTON,2003,6,15040,14874,29914,0,0,0,15040,14874,29914
SUNSHINE COAST,2003,6,15102,14574,29676,0,0,0,15102,14574,29676
SYDNEY,2003,6,640113,632909,1273022,253355,283505,536860,893468,916414,1809882
TOWNSVILLE,2003,6,34960,35136,70096,0,0,0,34960,35136,70096
NEWCASTLE,2003,6,8138,7834,15972,0,0,0,8138,7834,15972
ADELAIDE,2003,7,186092,184872,370964,9592,8398,17990,195684,193270,388954
ALICE SPRINGS,2003,7,29649,30198,59847,0,0,0,29649,30198,59847
All Australian Airports,2003,7,2832204,2832204,5664408,754724,666609,1421333,3586928,3498813,7085741
BALLINA,2003,7,3216,3232,6448,0,0,0,3216,3232,6448
BRISBANE,2003,7,454814,452773,907587,125102,104246,229348,579916,557019,1136935
CAIRNS,2003,7,106400,105555,211955,30875,27413,58288,137275,132968,270243
CANBERRA,2003,7,90610,89304,179914,0,0,0,90610,89304,179914
DARWIN,2003,7,55069,56114,111183,4310,3979,8289,59379,60093,119472
GOLD COAST,2003,7,86770,86623,173393,7563,6282,13845,94333,92905,187238
HAMILTON ISLAND,2003,7,12398,13023,25421,0,0,0,12398,13023,25421
HOBART,2003,7,37272,37492,74764,0,0,0,37272,37492,74764
KARRATHA,2003,7,8461,8792,17253,0,0,0,8461,8792,17253
LAUNCESTON,2003,7,19377,20324,39701,0,0,0,19377,20324,39701
MACKAY,2003,7,18426,18432,36858,0,0,0,18426,18432,36858
MELBOURNE,2003,7,592750,577728,1170478,139891,122158,262049,732641,699886,1432527
PERTH,2003,7,166972,170268,337240,72230,60336,132566,239202,230604,469806
ROCKHAMPTON,2003,7,15456,15287,30743,0,0,0,15456,15287,30743
SUNSHINE COAST,2003,7,16530,16319,32849,0,0,0,16530,16319,32849
SYDNEY,2003,7,710102,722300,1432402,364483,333194,697677,1074585,1055494,2130079
TOWNSVILLE,2003,7,41404,41573,82977,0,0,0,41404,41573,82977
NEWCASTLE,2003,7,8837,8813,17650,0,0,0,8837,8813,17650
ADELAIDE,2003,8,183544,183635,367179,9165,8981,18146,192709,192616,385325
ALICE SPRINGS,2003,8,28627,29726,58353,0,0,0,28627,29726,58353
All Australian Airports,2003,8,2781432,2781432,5562864,658166,714121,1372287,3439598,3495553,6935151
BALLINA,2003,8,2637,2808,5445,0,0,0,2637,2808,5445
BRISBANE,2003,8,439136,437172,876308,107888,115826,223714,547024,552998,1100022
CAIRNS,2003,8,104445,107698,212143,33926,34964,68890,138371,142662,281033
CANBERRA,2003,8,93479,93377,186856,0,0,0,93479,93377,186856
DARWIN,2003,8,47489,51466,98955,3928,4483,8411,51417,55949,107366
GOLD COAST,2003,8,78233,79078,157311,6372,6545,12917,84605,85623,170228
HAMILTON ISLAND,2003,8,14448,14243,28691,0,0,0,14448,14243,28691
HOBART,2003,8,41143,41798,82941,0,0,0,41143,41798,82941
KARRATHA,2003,8,7746,8073,15819,0,0,0,7746,8073,15819
LAUNCESTON,2003,8,22122,22645,44767,0,0,0,22122,22645,44767
MACKAY,2003,8,18095,17914,36009,0,0,0,18095,17914,36009
MELBOURNE,2003,8,588592,587153,1175745,123460,130276,253736,712052,717429,1429481
PERTH,2003,8,155791,156477,312268,62888,63434,126322,218679,219911,438590
ROCKHAMPTON,2003,8,16064,16026,32090,0,0,0,16064,16026,32090
SUNSHINE COAST,2003,8,17228,17020,34248,0,0,0,17228,17020,34248
SYDNEY,2003,8,701241,688815,1390056,310030,349066,659096,1011271,1037881,2049152
TOWNSVILLE,2003,8,37094,38681,75775,0,0,0,37094,38681,75775
NEWCASTLE,2003,8,8808,8845,17653,0,0,0,8808,8845,17653
ADELAIDE,2003,9,188388,190824,379212,9426,8703,18129,197814,199527,397341
ALICE SPRINGS,2003,9,26754,25666,52420,0,0,0,26754,25666,52420
All Australian Airports,2003,9,2875928,2875928,5751856,713500,714859,1428359,3589428,3590787,7180215
BALLINA,2003,9,3115,3034,6149,0,0,0,3115,3034,6149
BRISBANE,2003,9,457554,452856,910410,115869,116536,232405,573423,569392,1142815
CAIRNS,2003,9,105899,105095,210994,32204,33713,65917,138103,138808,276911
CANBERRA,2003,9,94301,94974,189275,0,0,0,94301,94974,189275
DARWIN,2003,9,41892,42978,84870,3360,3171,6531,45252,46149,91401
GOLD COAST,2003,9,92932,91194,184126,7102,6895,13997,100034,98089,198123
HAMILTON ISLAND,2003,9,16520,14904,31424,0,0,0,16520,14904,31424
HOBART,2003,9,45855,43346,89201,0,0,0,45855,43346,89201
KARRATHA,2003,9,8025,7804,15829,0,0,0,8025,7804,15829
LAUNCESTON,2003,9,24813,23061,47874,0,0,0,24813,23061,47874
MACKAY,2003,9,18173,17763,35936,0,0,0,18173,17763,35936
MELBOURNE,2003,9,609163,617490,1226653,138353,137802,276155,747516,755292,1502808
PERTH,2003,9,167336,166888,334224,74790,68555,143345,242126,235443,477569
ROCKHAMPTON,2003,9,16224,16473,32697,0,0,0,16224,16473,32697
SUNSHINE COAST,2003,9,17721,17405,35126,0,0,0,17721,17405,35126
SYDNEY,2003,9,716403,719378,1435781,331797,338971,670768,1048200,1058349,2106549
TOWNSVILLE,2003,9,37073,38542,75615,0,0,0,37073,38542,75615
NEWCASTLE,2003,9,9158,9138,18296,0,0,0,9158,9138,18296
ADELAIDE,2003,10,213364,209598,422962,11750,7694,19444,225114,217292,442406
ALICE SPRINGS,2003,10,27537,28647,56184,0,0,0,27537,28647,56184
All Australian Airports,2003,10,3087097,3087097,6174194,816054,678996,1495050,3903151,3766093,7669244
BALLINA,2003,10,3470,3550,7020,0,0,0,3470,3550,7020
BRISBANE,2003,10,484916,486977,971893,126447,108154,234601,611363,595131,1206494
CAIRNS,2003,10,106050,110315,216365,37089,32070,69159,143139,142385,285524
CANBERRA,2003,10,103211,99664,202875,0,0,0,103211,99664,202875
DARWIN,2003,10,41463,43018,84481,3840,3054,6894,45303,46072,91375
GOLD COAST,2003,10,101543,103650,205193,6142,6443,12585,107685,110093,217778
HAMILTON ISLAND,2003,10,16783,18366,35149,0,0,0,16783,18366,35149
HOBART,2003,10,48607,49286,97893,0,0,0,48607,49286,97893
KARRATHA,2003,10,7944,8443,16387,0,0,0,7944,8443,16387
LAUNCESTON,2003,10,24975,25245,50220,0,0,0,24975,25245,50220
MACKAY,2003,10,18751,18968,37719,0,0,0,18751,18968,37719
MELBOURNE,2003,10,652939,634182,1287121,162441,132267,294708,815380,766449,1581829
PERTH,2003,10,180979,186216,367195,85503,63909,149412,266482,250125,516607
ROCKHAMPTON,2003,10,16771,16656,33427,0,0,0,16771,16656,33427
SUNSHINE COAST,2003,10,19557,19732,39289,0,0,0,19557,19732,39289
SYDNEY,2003,10,781669,783249,1564918,382214,324708,706922,1163883,1107957,2271840
TOWNSVILLE,2003,10,40332,41325,81657,0,0,0,40332,41325,81657
NEWCASTLE,2003,10,10222,10056,20278,0,0,0,10222,10056,20278
ADELAIDE,2003,11,189252,189429,378681,10046,9603,19649,199298,199032,398330
ALICE SPRINGS,2003,11,23610,24464,48074,0,0,0,23610,24464,48074
All Australian Airports,2003,11,2929558,2929558,5859116,750684,773851,1524535,3680242,3703409,7383651
BALLINA,2003,11,3135,3188,6323,0,0,0,3135,3188,6323
BRISBANE,2003,11,450096,450535,900631,120979,119738,240717,571075,570273,1141348
CAIRNS,2003,11,97735,99030,196765,36673,35911,72584,134408,134941,269349
CANBERRA,2003,11,97910,98408,196318,0,0,0,97910,98408,196318
DARWIN,2003,11,33721,35351,69072,3071,2846,5917,36792,38197,74989
GOLD COAST,2003,11,100313,102391,202704,4488,5372,9860,104801,107763,212564
HAMILTON ISLAND,2003,11,15351,15662,31013,0,0,0,15351,15662,31013
HOBART,2003,11,51256,51975,103231,0,0,0,51256,51975,103231
KARRATHA,2003,11,7550,7314,14864,0,0,0,7550,7314,14864
LAUNCESTON,2003,11,27156,27479,54635,0,0,0,27156,27479,54635
MACKAY,2003,11,17255,17083,34338,0,0,0,17255,17083,34338
MELBOURNE,2003,11,635661,638947,1274608,150928,155924,306852,786589,794871,1581460
PERTH,2003,11,167167,168497,335664,72981,69922,142903,240148,238419,478567
ROCKHAMPTON,2003,11,16143,15981,32124,0,0,0,16143,15981,32124
SUNSHINE COAST,2003,11,17886,18099,35985,0,0,0,17886,18099,35985
SYDNEY,2003,11,754043,739600,1493643,350664,373757,724421,1104707,1113357,2218064
TOWNSVILLE,2003,11,34562,35787,70349,0,0,0,34562,35787,70349
NEWCASTLE,2003,11,13086,12933,26019,0,0,0,13086,12933,26019
ADELAIDE,2003,12,201536,202690,404226,11138,11951,23089,212674,214641,427315
ALICE SPRINGS,2003,12,21759,23750,45509,0,0,0,21759,23750,45509
All Australian Airports,2003,12,2975574,2975574,5951148,816867,900021,1716888,3792441,3875595,7668036
BALLINA,2003,12,3949,3617,7566,0,0,0,3949,3617,7566
BRISBANE,2003,12,465771,453220,918991,133710,136033,269743,599481,589253,1188734
CAIRNS,2003,12,100837,100626,201463,36271,34775,71046,137108,135401,272509
CANBERRA,2003,12,86512,91051,177563,0,0,0,86512,91051,177563
DARWIN,2003,12,31724,37340,69064,2889,3994,6883,34613,41334,75947
GOLD COAST,2003,12,109118,105317,214435,4795,5667,10462,113913,110984,224897
HAMILTON ISLAND,2003,12,16071,14238,30309,0,0,0,16071,14238,30309
HOBART,2003,12,57421,52770,110191,0,0,0,57421,52770,110191
KARRATHA,2003,12,6020,8280,14300,0,0,0,6020,8280,14300
LAUNCESTON,2003,12,35058,31667,66725,0,0,0,35058,31667,66725
MACKAY,2003,12,18571,18203,36774,0,0,0,18571,18203,36774
MELBOURNE,2003,12,628511,651331,1279842,162028,182501,344529,790539,833832,1624371
PERTH,2003,12,186464,179492,365956,84625,85623,170248,271089,265115,536204
ROCKHAMPTON,2003,12,15866,15323,31189,0,0,0,15866,15323,31189
SUNSHINE COAST,2003,12,20899,19523,40422,0,0,0,20899,19523,40422
SYDNEY,2003,12,752848,746193,1499041,380581,438693,819274,1133429,1184886,2318315
TOWNSVILLE,2003,12,35555,38462,74017,0,0,0,35555,38462,74017
NEWCASTLE,2003,12,11784,11565,23349,0,0,0,11784,11565,23349
ADELAIDE,2004,1,197163,197850,395013,13508,11289,24797,210671,209139,419810
ALICE SPRINGS,2004,1,22856,22426,45282,0,0,0,22856,22426,45282
All Australian Airports,2004,1,2953134,2953134,5906268,920113,858477,1778590,3873247,3811611,7684858
BALLINA,2004,1,3470,4145,7615,0,0,0,3470,4145,7615
BRISBANE,2004,1,451144,464032,915176,145938,133521,279459,597082,597553,1194635
CAIRNS,2004,1,97476,105594,203070,36512,33924,70436,133988,139518,273506
CANBERRA,2004,1,77334,74318,151652,0,0,0,77334,74318,151652
DARWIN,2004,1,36637,32208,68845,4087,2935,7022,40724,35143,75867
GOLD COAST,2004,1,117455,123164,240619,5066,4704,9770,122521,127868,250389
HAMILTON ISLAND,2004,1,15875,18694,34569,0,0,0,15875,18694,34569
HOBART,2004,1,55054,61581,116635,0,0,0,55054,61581,116635
KARRATHA,2004,1,7913,6214,14127,0,0,0,7913,6214,14127
LAUNCESTON,2004,1,35898,39235,75133,0,0,0,35898,39235,75133
MACKAY,2004,1,17748,17951,35699,0,0,0,17748,17951,35699
MELBOURNE,2004,1,656860,627798,1284658,189024,168144,357168,845884,795942,1641826
PERTH,2004,1,181788,187989,369777,89842,86044,175886,271630,274033,545663
ROCKHAMPTON,2004,1,14737,14887,29624,0,0,0,14737,14887,29624
SUNSHINE COAST,2004,1,21356,22632,43988,0,0,0,21356,22632,43988
SYDNEY,2004,1,740180,730981,1471161,435635,417236,852871,1175815,1148217,2324032
TOWNSVILLE,2004,1,35801,34138,69939,0,0,0,35801,34138,69939
NEWCASTLE,2004,1,11581,11652,23233,0,0,0,11581,11652,23233
ADELAIDE,2004,2,188669,185407,374076,12530,8745,21275,201199,194152,395351
ALICE SPRINGS,2004,2,21697,21326,43023,0,0,0,21697,21326,43023
All Australian Airports,2004,2,2708843,2708843,5417686,790773,686908,1477681,3499616,3395751,6895367
BALLINA,2004,2,3218,3324,6542,0,0,0,3218,3324,6542
BRISBANE,2004,2,399493,400379,799872,123067,108439,231506,522560,508818,1031378
CAIRNS,2004,2,77679,80087,157766,31776,28575,60351,109455,108662,218117
CANBERRA,2004,2,93694,91658,185352,0,0,0,93694,91658,185352
DARWIN,2004,2,29227,29934,59161,2839,2606,5445,32066,32540,64606
GOLD COAST,2004,2,91847,92046,183893,4569,4838,9407,96416,96884,193300
HAMILTON ISLAND,2004,2,11145,11632,22777,0,0,0,11145,11632,22777
HOBART,2004,2,54609,52743,107352,0,0,0,54609,52743,107352
KARRATHA,2004,2,6957,7126,14083,0,0,0,6957,7126,14083
LAUNCESTON,2004,2,32878,31283,64161,0,0,0,32878,31283,64161
MACKAY,2004,2,15549,15497,31046,0,0,0,15549,15497,31046
MELBOURNE,2004,2,597254,601902,1199156,168702,132445,301147,765956,734347,1500303
PERTH,2004,2,159092,161941,321033,78288,60862,139150,237380,222803,460183
ROCKHAMPTON,2004,2,15042,14973,30015,0,0,0,15042,14973,30015
SUNSHINE COAST,2004,2,15406,15489,30895,0,0,0,15406,15489,30895
SYDNEY,2004,2,690396,686112,1376508,368353,339747,708100,1058749,1025859,2084608
TOWNSVILLE,2004,2,31798,32100,63898,0,0,0,31798,32100,63898
NEWCASTLE,2004,2,12227,11889,24116,0,0,0,12227,11889,24116
ADELAIDE,2004,3,206191,209918,416109,10960,11578,22538,217151,221496,438647
ALICE SPRINGS,2004,3,24862,25085,49947,0,0,0,24862,25085,49947
All Australian Airports,2004,3,3013823,3013823,6027646,736297,778057,1514354,3750120,3791880,7542000
BALLINA,2004,3,3707,3878,7585,0,0,0,3707,3878,7585
BRISBANE,2004,3,443845,443036,886881,118736,117430,236166,562581,560466,1123047
CAIRNS,2004,3,89539,90388,179927,33226,32978,66204,122765,123366,246131
CANBERRA,2004,3,109841,110172,220013,0,0,0,109841,110172,220013
DARWIN,2004,3,35292,35298,70590,2851,3260,6111,38143,38558,76701
GOLD COAST,2004,3,97526,97617,195143,5519,5198,10717,103045,102815,205860
HAMILTON ISLAND,2004,3,12841,12793,25634,0,0,0,12841,12793,25634
HOBART,2004,3,53454,56458,109912,0,0,0,53454,56458,109912
KARRATHA,2004,3,7632,7395,15027,0,0,0,7632,7395,15027
LAUNCESTON,2004,3,32190,33707,65897,0,0,0,32190,33707,65897
MACKAY,2004,3,18221,17818,36039,0,0,0,18221,17818,36039
MELBOURNE,2004,3,660843,667740,1328583,154264,159916,314180,815107,827656,1642763
PERTH,2004,3,182824,182467,365291,71796,74164,145960,254620,256631,511251
ROCKHAMPTON,2004,3,17032,16785,33817,0,0,0,17032,16785,33817
SUNSHINE COAST,2004,3,16716,16728,33444,0,0,0,16716,16728,33444
SYDNEY,2004,3,764407,750093,1514500,338145,372811,710956,1102552,1122904,2225456
TOWNSVILLE,2004,3,38013,37766,75779,0,0,0,38013,37766,75779
NEWCASTLE,2004,3,13669,13696,27365,0,0,0,13669,13696,27365
ADELAIDE,2004,4,197231,199357,396588,11267,11970,23237,208498,211327,419825
ALICE SPRINGS,2004,4,25577,25787,51364,0,0,0,25577,25787,51364
All Australian Airports,2004,4,2964379,2964379,5928758,753982,794895,1548877,3718361,3759274,7477635
BALLINA,2004,4,4365,4246,8611,0,0,0,4365,4246,8611
BRISBANE,2004,4,447526,449841,897367,126407,127522,253929,573933,577363,1151296
CAIRNS,2004,4,101639,101778,203417,33354,32588,65942,134993,134366,269359
CANBERRA,2004,4,101440,103268,204708,0,0,0,101440,103268,204708
DARWIN,2004,4,41292,40937,82229,3083,3398,6481,44375,44335,88710
GOLD COAST,2004,4,95892,95152,191044,5665,5521,11186,101557,100673,202230
HAMILTON ISLAND,2004,4,13938,14122,28060,0,0,0,13938,14122,28060
HOBART,2004,4,49908,51408,101316,0,0,0,49908,51408,101316
KARRATHA,2004,4,8441,8431,16872,0,0,0,8441,8431,16872
LAUNCESTON,2004,4,27597,28046,55643,0,0,0,27597,28046,55643
MACKAY,2004,4,18509,18513,37022,0,0,0,18509,18513,37022
MELBOURNE,2004,4,635311,632452,1267763,154450,159451,313901,789761,791903,1581664
PERTH,2004,4,185725,184449,370174,71155,77719,148874,256880,262168,519048
ROCKHAMPTON,2004,4,16549,16029,32578,0,0,0,16549,16029,32578
SUNSHINE COAST,2004,4,15784,15906,31690,0,0,0,15784,15906,31690
SYDNEY,2004,4,738347,730672,1469019,347767,375887,723654,1086114,1106559,2192673
TOWNSVILLE,2004,4,41978,42079,84057,0,0,0,41978,42079,84057
NEWCASTLE,2004,4,13036,12861,25897,0,0,0,13036,12861,25897
ADELAIDE,2004,5,188099,190019,378118,8731,11527,20258,196830,201546,398376
ALICE SPRINGS,2004,5,23172,23867,47039,0,0,0,23172,23867,47039
All Australian Airports,2004,5,2932377,2932377,5864754,651521,728844,1380365,3583898,3661221,7245119
BALLINA,2004,5,3722,3842,7564,0,0,0,3722,3842,7564
BRISBANE,2004,5,455167,453779,908946,111746,113873,225619,566913,567652,1134565
CAIRNS,2004,5,101940,101511,203451,32391,33545,65936,134331,135056,269387
CANBERRA,2004,5,103031,103688,206719,0,0,0,103031,103688,206719
DARWIN,2004,5,45261,44645,89906,3283,3682,6965,48544,48327,96871
GOLD COAST,2004,5,100764,100700,201464,5667,5405,11072,106431,106105,212536
HAMILTON ISLAND,2004,5,10578,11099,21677,0,0,0,10578,11099,21677
HOBART,2004,5,52174,56894,109068,0,0,0,52174,56894,109068
KARRATHA,2004,5,8162,8209,16371,0,0,0,8162,8209,16371
LAUNCESTON,2004,5,25153,28285,53438,0,0,0,25153,28285,53438
MACKAY,2004,5,20427,20208,40635,0,0,0,20427,20208,40635
MELBOURNE,2004,5,633193,633363,1266556,128728,148120,276848,761921,781483,1543404
PERTH,2004,5,170806,171814,342620,57656,66660,124316,228462,238474,466936
ROCKHAMPTON,2004,5,18982,18478,37460,0,0,0,18982,18478,37460
SUNSHINE COAST,2004,5,17659,17860,35519,0,0,0,17659,17860,35519
SYDNEY,2004,5,715555,705358,1420913,302528,345225,647753,1018083,1050583,2068666
TOWNSVILLE,2004,5,39840,39629,79469,0,0,0,39840,39629,79469
NEWCASTLE,2004,5,17736,17631,35367,0,0,0,17736,17631,35367
ADELAIDE,2004,6,179352,180766,360118,10254,11207,21461,189606,191973,381579
ALICE SPRINGS,2004,6,25293,25416,50709,0,0,0,25293,25416,50709
All Australian Airports,2004,6,3020527,3020527,6041054,696054,776913,1472967,3716581,3797440,7514021
BALLINA,2004,6,3943,4123,8066,0,0,0,3943,4123,8066
BRISBANE,2004,6,487534,486038,973572,125154,130083,255237,612688,616121,1228809
CAIRNS,2004,6,114284,109924,224208,33390,32658,66048,147674,142582,290256
CANBERRA,2004,6,100652,101525,202177,0,0,0,100652,101525,202177
DARWIN,2004,6,51459,49519,100978,4205,4952,9157,55664,54471,110135
GOLD COAST,2004,6,108343,108954,217297,5870,5691,11561,114213,114645,228858
HAMILTON ISLAND,2004,6,12627,11627,24254,0,0,0,12627,11627,24254
HOBART,2004,6,62993,60148,123141,0,0,0,62993,60148,123141
KARRATHA,2004,6,8272,8197,16469,0,0,0,8272,8197,16469
LAUNCESTON,2004,6,27694,26048,53742,0,0,0,27694,26048,53742
MACKAY,2004,6,22418,22216,44634,0,0,0,22418,22216,44634
MELBOURNE,2004,6,623448,644929,1268377,136158,163641,299799,759606,808570,1568176
PERTH,2004,6,166186,166933,333119,63867,71389,135256,230053,238322,468375
ROCKHAMPTON,2004,6,21319,21220,42539,0,0,0,21319,21220,42539
SUNSHINE COAST,2004,6,19216,18624,37840,0,0,0,19216,18624,37840
SYDNEY,2004,6,717618,709698,1427316,316365,356497,672862,1033983,1066195,2100178
TOWNSVILLE,2004,6,45192,44665,89857,0,0,0,45192,44665,89857
NEWCASTLE,2004,6,21901,21280,43181,0,0,0,21901,21280,43181
ADELAIDE,2004,7,209844,210547,420391,14312,11764,26076,224156,222311,446467
ALICE SPRINGS,2004,7,30596,31780,62376,0,0,0,30596,31780,62376
All Australian Airports,2004,7,3319111,3319111,6638222,936438,793611,1730049,4255549,4112722,8368271
BALLINA,2004,7,4797,4787,9584,0,0,0,4797,4787,9584
BRISBANE,2004,7,525960,520230,1046190,167410,137173,304583,693370,657403,1350773
CAIRNS,2004,7,129466,131067,260533,38695,33214,71909,168161,164281,332442
CANBERRA,2004,7,108796,107320,216116,379,417,796,109175,107737,216912
DARWIN,2004,7,60352,60952,121304,6569,4862,11431,66921,65814,132735
GOLD COAST,2004,7,120613,121374,241987,6390,5798,12188,127003,127172,254175
HAMILTON ISLAND,2004,7,14045,14934,28979,0,0,0,14045,14934,28979
HOBART,2004,7,50123,51651,101774,0,0,0,50123,51651,101774
KARRATHA,2004,7,9044,9495,18539,0,0,0,9044,9495,18539
LAUNCESTON,2004,7,24156,25327,49483,0,0,0,24156,25327,49483
MACKAY,2004,7,22805,23042,45847,0,0,0,22805,23042,45847
MELBOURNE,2004,7,685661,669275,1354936,194163,152010,346173,879824,821285,1701109
PERTH,2004,7,196422,198875,395297,83609,72545,156154,280031,271420,551451
ROCKHAMPTON,2004,7,21796,21614,43410,0,0,0,21796,21614,43410
SUNSHINE COAST,2004,7,20966,20758,41724,0,0,0,20966,20758,41724
SYDNEY,2004,7,794005,803495,1597500,424147,375074,799221,1218152,1178569,2396721
TOWNSVILLE,2004,7,50019,49765,99784,0,0,0,50019,49765,99784
NEWCASTLE,2004,7,21960,21188,43148,0,0,0,21960,21188,43148
ADELAIDE,2004,8,202637,203068,405705,11938,11625,23563,214575,214693,429268
ALICE SPRINGS,2004,8,28897,30062,58959,0,0,0,28897,30062,58959
All Australian Airports,2004,8,3303114,3303114,6606228,764352,817993,1582345,4067466,4121107,8188573
BALLINA,2004,8,7092,7254,14346,0,0,0,7092,7254,14346
BRISBANE,2004,8,518861,518738,1037599,139969,152497,292466,658830,671235,1330065
CAIRNS,2004,8,127024,127915,254939,36293,41467,77760,163317,169382,332699
CANBERRA,2004,8,110835,110076,220911,415,392,807,111250,110468,221718
DARWIN,2004,8,55684,59595,115279,4802,5659,10461,60486,65254,125740
GOLD COAST,2004,8,118597,120184,238781,6273,6618,12891,124870,126802,251672
HAMILTON ISLAND,2004,8,15608,15070,30678,0,0,0,15608,15070,30678
HOBART,2004,8,53987,56235,110222,0,0,0,53987,56235,110222
KARRATHA,2004,8,8730,8878,17608,0,0,0,8730,8878,17608
LAUNCESTON,2004,8,26693,27560,54253,0,0,0,26693,27560,54253
MACKAY,2004,8,24521,24675,49196,0,0,0,24521,24675,49196
MELBOURNE,2004,8,678002,680488,1358490,148644,156785,305429,826646,837273,1663919
PERTH,2004,8,186086,185234,371320,73432,72063,145495,259518,257297,516815
ROCKHAMPTON,2004,8,22046,22119,44165,0,0,0,22046,22119,44165
SUNSHINE COAST,2004,8,21695,21752,43447,0,0,0,21695,21752,43447
SYDNEY,2004,8,802825,790143,1592968,341799,370071,711870,1144624,1160214,2304838
TOWNSVILLE,2004,8,46035,46360,92395,0,0,0,46035,46360,92395
NEWCASTLE,2004,8,21960,20807,42767,0,0,0,21960,20807,42767
ADELAIDE,2004,9,206313,212285,418598,12404,12436,24840,218717,224721,443438
ALICE SPRINGS,2004,9,26245,26569,52814,0,0,0,26245,26569,52814
All Australian Airports,2004,9,3321828,3321828,6643656,797626,805829,1603455,4119454,4127657,8247111
BALLINA,2004,9,7937,7844,15781,0,0,0,7937,7844,15781
BRISBANE,2004,9,525569,519429,1044998,144519,148738,293257,670088,668167,1338255
CAIRNS,2004,9,118540,116277,234817,37392,35464,72856,155932,151741,307673
CANBERRA,2004,9,103669,107627,211296,200,193,393,103869,107820,211689
DARWIN,2004,9,49382,50233,99615,5459,4725,10184,54841,54958,109799
GOLD COAST,2004,9,120639,118801,239440,6353,6948,13301,126992,125749,252741
HAMILTON ISLAND,2004,9,18352,16838,35190,0,0,0,18352,16838,35190
HOBART,2004,9,60757,56540,117297,0,0,0,60757,56540,117297
KARRATHA,2004,9,8440,8980,17420,0,0,0,8440,8980,17420
LAUNCESTON,2004,9,33313,30426,63739,0,0,0,33313,30426,63739
MACKAY,2004,9,24026,24348,48374,0,0,0,24026,24348,48374
MELBOURNE,2004,9,690578,694845,1385423,166366,162238,328604,856944,857083,1714027
PERTH,2004,9,192867,188619,381486,75466,65991,141457,268333,254610,522943
ROCKHAMPTON,2004,9,22417,22246,44663,0,0,0,22417,22246,44663
SUNSHINE COAST,2004,9,24529,23762,48291,0,0,0,24529,23762,48291
SYDNEY,2004,9,792955,800198,1593153,348401,368103,716504,1141356,1168301,2309657
TOWNSVILLE,2004,9,45452,46924,92376,0,0,0,45452,46924,92376
NEWCASTLE,2004,9,22435,21940,44375,0,0,0,22435,21940,44375
ADELAIDE,2004,10,220280,213944,434224,14912,10464,25376,235192,224408,459600
ALICE SPRINGS,2004,10,28135,28586,56721,0,0,0,28135,28586,56721
All Australian Airports,2004,10,3446699,3446699,6893398,927928,773544,1701472,4374627,4220243,8594870
BALLINA,2004,10,8529,8659,17188,0,0,0,8529,8659,17188
BRISBANE,2004,10,531941,532369,1064310,156042,136006,292048,687983,668375,1356358
CAIRNS,2004,10,118559,122517,241076,40935,37819,78754,159494,160336,319830
CANBERRA,2004,10,107177,104160,211337,0,0,0,107177,104160,211337
DARWIN,2004,10,46239,48233,94472,5647,4072,9719,51886,52305,104191
GOLD COAST,2004,10,126616,128888,255504,6392,6373,12765,133008,135261,268269
HAMILTON ISLAND,2004,10,18874,20268,39142,0,0,0,18874,20268,39142
HOBART,2004,10,61708,61472,123180,0,0,0,61708,61472,123180
KARRATHA,2004,10,9298,9411,18709,0,0,0,9298,9411,18709
LAUNCESTON,2004,10,33721,34859,68580,0,0,0,33721,34859,68580
MACKAY,2004,10,24251,24884,49135,0,0,0,24251,24884,49135
MELBOURNE,2004,10,709516,704727,1414243,194432,152197,346629,903948,856924,1760872
PERTH,2004,10,207843,212219,420062,89361,73702,163063,297204,285921,583125
ROCKHAMPTON,2004,10,23552,23664,47216,0,0,0,23552,23664,47216
SUNSHINE COAST,2004,10,29558,29982,59540,0,0,0,29558,29982,59540
SYDNEY,2004,10,833327,828760,1662087,419236,351899,771135,1252563,1180659,2433222
TOWNSVILLE,2004,10,44324,44752,89076,0,0,0,44324,44752,89076
NEWCASTLE,2004,10,24541,23801,48342,0,0,0,24541,23801,48342
ADELAIDE,2004,11,210371,209711,420082,11890,11101,22991,222261,220812,443073
ALICE SPRINGS,2004,11,24394,24946,49340,0,0,0,24394,24946,49340
All Australian Airports,2004,11,3231481,3231481,6462962,823002,845498,1668500,4054483,4076979,8131462
BALLINA,2004,11,8224,8251,16475,0,0,0,8224,8251,16475
BRISBANE,2004,11,479936,482399,962335,137086,143505,280591,617022,625904,1242926
CAIRNS,2004,11,104582,109183,213765,39793,39791,79584,144375,148974,293349
CANBERRA,2004,11,105418,104718,210136,0,0,0,105418,104718,210136
DARWIN,2004,11,38623,40118,78741,3858,3634,7492,42481,43752,86233
GOLD COAST,2004,11,114316,116280,230596,4389,5269,9658,118705,121549,240254
HAMILTON ISLAND,2004,11,14973,15810,30783,0,0,0,14973,15810,30783
HOBART,2004,11,62990,63846,126836,0,0,0,62990,63846,126836
KARRATHA,2004,11,9148,8972,18120,0,0,0,9148,8972,18120
LAUNCESTON,2004,11,35726,35886,71612,0,0,0,35726,35886,71612
MACKAY,2004,11,22808,22791,45599,0,0,0,22808,22791,45599
MELBOURNE,2004,11,678563,678876,1357439,172338,175154,347492,850901,854030,1704931
PERTH,2004,11,189096,189525,378621,84746,78693,163439,273842,268218,542060
ROCKHAMPTON,2004,11,22042,22068,44110,0,0,0,22042,22068,44110
SUNSHINE COAST,2004,11,25219,25894,51113,0,0,0,25219,25894,51113
SYDNEY,2004,11,792152,780483,1572635,368157,387595,755752,1160309,1168078,2328387
TOWNSVILLE,2004,11,40596,40698,81294,0,0,0,40596,40698,81294
NEWCASTLE,2004,11,25226,24768,49994,0,0,0,25226,24768,49994
ADELAIDE,2004,12,209268,211595,420863,14349,15322,29671,223617,226917,450534
ALICE SPRINGS,2004,12,19657,22677,42334,0,0,0,19657,22677,42334
All Australian Airports,2004,12,3217478,3217478,6434956,909487,1002908,1912395,4126965,4220386,8347351
BALLINA,2004,12,9589,9134,18723,0,0,0,9589,9134,18723
BRISBANE,2004,12,494880,487296,982176,156210,165410,321620,651090,652706,1303796
CAIRNS,2004,12,103297,102325,205622,36863,34203,71066,140160,136528,276688
CANBERRA,2004,12,94416,99630,194046,0,0,0,94416,99630,194046
DARWIN,2004,12,37488,43234,80722,3202,4704,7906,40690,47938,88628
GOLD COAST,2004,12,122425,119627,242052,5401,6491,11892,127826,126118,253944
HAMILTON ISLAND,2004,12,15970,13895,29865,0,0,0,15970,13895,29865
HOBART,2004,12,70618,63498,134116,0,0,0,70618,63498,134116
KARRATHA,2004,12,7402,10029,17431,0,0,0,7402,10029,17431
LAUNCESTON,2004,12,39029,35752,74781,0,0,0,39029,35752,74781
MACKAY,2004,12,23843,23927,47770,0,0,0,23843,23927,47770
MELBOURNE,2004,12,654922,672404,1327326,185771,213294,399065,840693,885698,1726391
PERTH,2004,12,197424,191067,388491,91475,96864,188339,288899,287931,576830
ROCKHAMPTON,2004,12,22393,22206,44599,0,0,0,22393,22206,44599
SUNSHINE COAST,2004,12,29656,29020,58676,0,0,0,29656,29020,58676
SYDNEY,2004,12,779341,769148,1548489,415329,465818,881147,1194670,1234966,2429636
TOWNSVILLE,2004,12,41544,44797,86341,0,0,0,41544,44797,86341
NEWCASTLE,2004,12,28013,27065,55078,0,0,0,28013,27065,55078
ADELAIDE,2005,1,201002,202577,403579,16357,14082,30439,217359,216659,434018
ALICE SPRINGS,2005,1,23354,22355,45709,0,0,0,23354,22355,45709
All Australian Airports,2005,1,3190906,3190906,6381812,1060578,945553,2006131,4251484,4136459,8387943
BALLINA,2005,1,9510,10058,19568,0,0,0,9510,10058,19568
BRISBANE,2005,1,476811,485077,961888,172833,148247,321080,649644,633324,1282968
CAIRNS,2005,1,100664,105591,206255,39113,37860,76973,139777,143451,283228
CANBERRA,2005,1,83981,77819,161800,0,0,0,83981,77819,161800
DARWIN,2005,1,41115,37222,78337,4964,3344,8308,46079,40566,86645
GOLD COAST,2005,1,142956,147919,290875,6037,5999,12036,148993,153918,302911
HAMILTON ISLAND,2005,1,15111,17945,33056,0,0,0,15111,17945,33056
HOBART,2005,1,72568,80378,152946,0,0,0,72568,80378,152946
KARRATHA,2005,1,10096,7575,17671,0,0,0,10096,7575,17671
LAUNCESTON,2005,1,39261,43030,82291,0,0,0,39261,43030,82291
MACKAY,2005,1,23259,23525,46784,0,0,0,23259,23525,46784
MELBOURNE,2005,1,667736,649337,1317073,224188,189259,413447,891924,838596,1730520
PERTH,2005,1,189568,198016,387584,99674,88862,188536,289242,286878,576120
ROCKHAMPTON,2005,1,20922,21799,42721,0,0,0,20922,21799,42721
SUNSHINE COAST,2005,1,34457,36953,71410,0,0,0,34457,36953,71410
SYDNEY,2005,1,765225,754662,1519887,496729,456965,953694,1261954,1211627,2473581
TOWNSVILLE,2005,1,40206,37934,78140,0,0,0,40206,37934,78140
NEWCASTLE,2005,1,28590,29074,57664,0,0,0,28590,29074,57664
ADELAIDE,2005,2,199071,195713,394784,14947,10875,25822,214018,206588,420606
ALICE SPRINGS,2005,2,20839,21144,41983,0,0,0,20839,21144,41983
All Australian Airports,2005,2,2968374,2968374,5936748,864702,763893,1628595,3833076,3732267,7565343
BALLINA,2005,2,7631,7950,15581,0,0,0,7631,7950,15581
BRISBANE,2005,2,427048,424654,851702,137119,122375,259494,564167,547029,1111196
CAIRNS,2005,2,90431,92571,183002,33076,33019,66095,123507,125590,249097
CANBERRA,2005,2,94425,93255,187680,0,0,0,94425,93255,187680
DARWIN,2005,2,31906,31979,63885,3032,2589,5621,34938,34568,69506
GOLD COAST,2005,2,117695,118550,236245,6263,6064,12327,123958,124614,248572
HAMILTON ISLAND,2005,2,11180,11143,22323,0,0,0,11180,11143,22323
HOBART,2005,2,69104,67720,136824,0,0,0,69104,67720,136824
KARRATHA,2005,2,8564,8636,17200,0,0,0,8564,8636,17200
LAUNCESTON,2005,2,37901,35765,73666,0,0,0,37901,35765,73666
MACKAY,2005,2,20680,21049,41729,0,0,0,20680,21049,41729
MELBOURNE,2005,2,617742,627651,1245393,189638,153315,342953,807380,780966,1588346
PERTH,2005,2,169047,171240,340287,86176,70692,156868,255223,241932,497155
ROCKHAMPTON,2005,2,20944,21034,41978,0,0,0,20944,21034,41978
SUNSHINE COAST,2005,2,26719,26836,53555,0,0,0,26719,26836,53555
SYDNEY,2005,2,732269,725748,1458017,393734,364324,758058,1126003,1090072,2216075
TOWNSVILLE,2005,2,35858,35631,71489,0,0,0,35858,35631,71489
NEWCASTLE,2005,2,26499,26348,52847,0,0,0,26499,26348,52847
ADELAIDE,2005,3,225952,228701,454653,14716,13922,28638,240668,242623,483291
ALICE SPRINGS,2005,3,24412,24569,48981,0,0,0,24412,24569,48981
All Australian Airports,2005,3,3397851,3397851,6795702,861116,879480,1740596,4258967,4277331,8536298
BALLINA,2005,3,8669,8777,17446,0,0,0,8669,8777,17446
BRISBANE,2005,3,494050,494916,988966,142566,142294,284860,636616,637210,1273826
CAIRNS,2005,3,109542,107989,217531,38099,38431,76530,147641,146420,294061
CANBERRA,2005,3,109737,110332,220069,0,0,0,109737,110332,220069
DARWIN,2005,3,40237,39953,80190,3167,3603,6770,43404,43556,86960
GOLD COAST,2005,3,133934,132698,266632,7424,8000,15424,141358,140698,282056
HAMILTON ISLAND,2005,3,14811,14154,28965,0,0,0,14811,14154,28965
HOBART,2005,3,72976,75579,148555,0,0,0,72976,75579,148555
KARRATHA,2005,3,9496,9922,19418,0,0,0,9496,9922,19418
LAUNCESTON,2005,3,39556,40780,80336,0,0,0,39556,40780,80336
MACKAY,2005,3,25735,25651,51386,0,0,0,25735,25651,51386
MELBOURNE,2005,3,702608,713175,1415783,179860,180907,360767,882468,894082,1776550
PERTH,2005,3,197973,194731,392704,89020,86186,175206,286993,280917,567910
ROCKHAMPTON,2005,3,24137,24622,48759,0,0,0,24137,24622,48759
SUNSHINE COAST,2005,3,31773,31425,63198,0,0,0,31773,31425,63198
SYDNEY,2005,3,821009,808468,1629477,385399,405235,790634,1206408,1213703,2420111
TOWNSVILLE,2005,3,43246,43456,86702,0,0,0,43246,43456,86702
NEWCASTLE,2005,3,31073,30483,61556,0,0,0,31073,30483,61556
ADELAIDE,2005,4,220410,227696,448106,13485,14559,28044,233895,242255,476150
ALICE SPRINGS,2005,4,24772,25169,49941,0,0,0,24772,25169,49941
All Australian Airports,2005,4,3328368,3328368,6656736,798150,838242,1636392,4126518,4166610,8293128
BALLINA,2005,4,8518,8694,17212,0,0,0,8518,8694,17212
BRISBANE,2005,4,496980,489936,986916,140291,136337,276628,637271,626273,1263544
CAIRNS,2005,4,109152,109133,218285,29976,30847,60823,139128,139980,279108
CANBERRA,2005,4,107389,109707,217096,0,0,0,107389,109707,217096
DARWIN,2005,4,46488,45678,92166,3230,4079,7309,49718,49757,99475
GOLD COAST,2005,4,131193,128432,259625,7717,7048,14765,138910,135480,274390
HAMILTON ISLAND,2005,4,14453,14919,29372,0,0,0,14453,14919,29372
HOBART,2005,4,67491,67659,135150,0,0,0,67491,67659,135150
KARRATHA,2005,4,9783,9724,19507,0,0,0,9783,9724,19507
LAUNCESTON,2005,4,35449,36862,72311,0,0,0,35449,36862,72311
MACKAY,2005,4,25581,25740,51321,0,0,0,25581,25740,51321
MELBOURNE,2005,4,681920,681424,1363344,165011,166036,331047,846931,847460,1694391
PERTH,2005,4,197287,199144,396431,74527,85781,160308,271814,284925,556739
ROCKHAMPTON,2005,4,23590,24187,47777,0,0,0,23590,24187,47777
SUNSHINE COAST,2005,4,30126,29463,59589,0,0,0,30126,29463,59589
SYDNEY,2005,4,782910,776208,1559118,362986,392668,755654,1145896,1168876,2314772
TOWNSVILLE,2005,4,46654,46135,92789,0,0,0,46654,46135,92789
NEWCASTLE,2005,4,30845,31369,62214,0,0,0,30845,31369,62214
ADELAIDE,2005,5,210948,211819,422767,11771,14314,26085,222719,226133,448852
ALICE SPRINGS,2005,5,21866,23022,44888,0,0,0,21866,23022,44888
All Australian Airports,2005,5,3192886,3192886,6385772,691481,793283,1484764,3884367,3986169,7870536
BALLINA,2005,5,7291,7616,14907,0,0,0,7291,7616,14907
BRISBANE,2005,5,485899,481767,967666,125447,133992,259439,611346,615759,1227105
CAIRNS,2005,5,108763,108002,216765,28700,33264,61964,137463,141266,278729
CANBERRA,2005,5,106937,107974,214911,0,0,0,106937,107974,214911
DARWIN,2005,5,48538,47098,95636,4021,4948,8969,52559,52046,104605
GOLD COAST,2005,5,121751,122623,244374,7901,7419,15320,129652,130042,259694
HAMILTON ISLAND,2005,5,11575,12734,24309,0,0,0,11575,12734,24309
HOBART,2005,5,58273,62555,120828,0,0,0,58273,62555,120828
KARRATHA,2005,5,9780,9587,19367,0,0,0,9780,9587,19367
LAUNCESTON,2005,5,31765,35201,66966,0,0,0,31765,35201,66966
MACKAY,2005,5,26099,26090,52189,0,0,0,26099,26090,52189
MELBOURNE,2005,5,649439,654348,1303787,137456,161326,298782,786895,815674,1602569
PERTH,2005,5,185490,185585,371075,67369,77161,144530,252859,262746,515605
ROCKHAMPTON,2005,5,24163,24398,48561,0,0,0,24163,24398,48561
SUNSHINE COAST,2005,5,28855,29484,58339,0,0,0,28855,29484,58339
SYDNEY,2005,5,752079,738672,1490751,307917,359894,667811,1059996,1098566,2158562
TOWNSVILLE,2005,5,44301,44215,88516,0,0,0,44301,44215,88516
NEWCASTLE,2005,5,30351,30071,60422,0,0,0,30351,30071,60422
ADELAIDE,2005,6,199886,201150,401036,12830,13596,26426,212716,214746,427462
ALICE SPRINGS,2005,6,24044,24815,48859,0,0,0,24044,24815,48859
All Australian Airports,2005,6,3168242,3168242,6336484,762552,852487,1615039,3930794,4020729,7951523
BALLINA,2005,6,7117,7223,14340,0,0,0,7117,7223,14340
BRISBANE,2005,6,491185,488242,979427,144975,152816,297791,636160,641058,1277218
CAIRNS,2005,6,123203,117056,240259,33002,30829,63831,156205,147885,304090
CANBERRA,2005,6,104633,106678,211311,0,0,0,104633,106678,211311
DARWIN,2005,6,55001,52171,107172,4080,4965,9045,59081,57136,116217
GOLD COAST,2005,6,119289,116927,236216,8528,8349,16877,127817,125276,253093
HAMILTON ISLAND,2005,6,12950,11758,24708,0,0,0,12950,11758,24708
HOBART,2005,6,58483,56627,115110,0,0,0,58483,56627,115110
KARRATHA,2005,6,9913,10149,20062,0,0,0,9913,10149,20062
LAUNCESTON,2005,6,34457,33220,67677,0,0,0,34457,33220,67677
MACKAY,2005,6,27233,26511,53744,0,0,0,27233,26511,53744
MELBOURNE,2005,6,631380,655685,1287065,147415,176352,323767,778795,832037,1610832
PERTH,2005,6,177674,178069,355743,75313,86978,162291,252987,265047,518034
ROCKHAMPTON,2005,6,25616,25624,51240,0,0,0,25616,25624,51240
SUNSHINE COAST,2005,6,27984,27077,55061,0,0,0,27984,27077,55061
SYDNEY,2005,6,731150,724242,1455392,335529,377683,713212,1066679,1101925,2168604
TOWNSVILLE,2005,6,48238,48147,96385,0,0,0,48238,48147,96385
NEWCASTLE,2005,6,31073,30437,61510,0,0,0,31073,30437,61510
ADELAIDE,2005,7,233287,234319,467606,16226,13907,30133,249513,248226,497739
ALICE SPRINGS,2005,7,30203,31562,61765,0,0,0,30203,31562,61765
All Australian Airports,2005,7,3529690,3529690,7059380,1020181,858978,1879159,4549871,4388668,8938539
BALLINA,2005,7,9962,10139,20101,0,0,0,9962,10139,20101
BRISBANE,2005,7,539245,536424,1075669,189482,151473,340955,728727,687897,1416624
CAIRNS,2005,7,140786,143051,283837,38578,33760,72338,179364,176811,356175
CANBERRA,2005,7,110450,108778,219228,0,0,0,110450,108778,219228
DARWIN,2005,7,61640,62249,123889,6845,5062,11907,68485,67311,135796
GOLD COAST,2005,7,143596,143481,287077,10997,10163,21160,154593,153644,308237
HAMILTON ISLAND,2005,7,16052,16952,33004,0,0,0,16052,16952,33004
HOBART,2005,7,57574,58691,116265,0,0,0,57574,58691,116265
KARRATHA,2005,7,10826,10979,21805,0,0,0,10826,10979,21805
LAUNCESTON,2005,7,32786,34111,66897,0,0,0,32786,34111,66897
MACKAY,2005,7,27652,27732,55384,0,0,0,27652,27732,55384
MELBOURNE,2005,7,711087,698285,1409372,207364,164140,371504,918451,862425,1780876
PERTH,2005,7,203739,204450,408189,94033,79644,173677,297772,284094,581866
ROCKHAMPTON,2005,7,24747,25214,49961,0,0,0,24747,25214,49961
SUNSHINE COAST,2005,7,33233,33541,66774,0,0,0,33233,33541,66774
SYDNEY,2005,7,811517,818050,1629567,455890,400072,855962,1267407,1218122,2485529
TOWNSVILLE,2005,7,50033,50108,100141,0,0,0,50033,50108,100141
NEWCASTLE,2005,7,33323,33382,66705,0,0,0,33323,33382,66705
ADELAIDE,2005,8,224802,228638,453440,14766,13102,27868,239568,241740,481308
ALICE SPRINGS,2005,8,28064,29605,57669,0,0,0,28064,29605,57669
All Australian Airports,2005,8,3461486,3461486,6922972,830999,891251,1722250,4292485,4352737,8645222
BALLINA,2005,8,9472,9714,19186,0,0,0,9472,9714,19186
BRISBANE,2005,8,522706,521713,1044419,153890,169943,323833,676596,691656,1368252
CAIRNS,2005,8,140265,142281,282546,37629,43419,81048,177894,185700,363594
CANBERRA,2005,8,109530,110542,220072,0,0,0,109530,110542,220072
DARWIN,2005,8,56016,59161,115177,5051,6294,11345,61067,65455,126522
GOLD COAST,2005,8,133132,131014,264146,10430,10914,21344,143562,141928,285490
HAMILTON ISLAND,2005,8,17157,17387,34544,0,0,0,17157,17387,34544
HOBART,2005,8,59066,61015,120081,0,0,0,59066,61015,120081
KARRATHA,2005,8,10781,10905,21686,0,0,0,10781,10905,21686
LAUNCESTON,2005,8,32901,34289,67190,0,0,0,32901,34289,67190
MACKAY,2005,8,26141,26407,52548,0,0,0,26141,26407,52548
MELBOURNE,2005,8,695534,699834,1395368,162467,166456,328923,858001,866290,1724291
PERTH,2005,8,199641,197631,397272,79714,79578,159292,279355,277209,556564
ROCKHAMPTON,2005,8,25019,25299,50318,0,0,0,25019,25299,50318
SUNSHINE COAST,2005,8,30935,30364,61299,0,0,0,30935,30364,61299
SYDNEY,2005,8,808299,791540,1599839,366335,400842,767177,1174634,1192382,2367016
TOWNSVILLE,2005,8,48439,48549,96988,0,0,0,48439,48549,96988
NEWCASTLE,2005,8,31688,31509,63197,0,0,0,31688,31509,63197
ADELAIDE,2005,9,221138,224352,445490,13429,11769,25198,234567,236121,470688
ALICE SPRINGS,2005,9,25214,26029,51243,0,0,0,25214,26029,51243
All Australian Airports,2005,9,3562317,3562317,7124634,881772,860179,1741951,4444089,4422496,8866585
BALLINA,2005,9,10747,10368,21115,0,0,0,10747,10368,21115
BRISBANE,2005,9,550868,539080,1089948,163503,156909,320412,714371,695989,1410360
CAIRNS,2005,9,134205,132259,266464,38153,37265,75418,172358,169524,341882
CANBERRA,2005,9,110622,113557,224179,0,0,0,110622,113557,224179
DARWIN,2005,9,47555,48204,95759,4992,4440,9432,52547,52644,105191
GOLD COAST,2005,9,143969,138770,282739,10735,10773,21508,154704,149543,304247
HAMILTON ISLAND,2005,9,20317,18791,39108,0,0,0,20317,18791,39108
HOBART,2005,9,68648,63355,132003,0,0,0,68648,63355,132003
KARRATHA,2005,9,10491,11101,21592,0,0,0,10491,11101,21592
LAUNCESTON,2005,9,38323,35826,74149,0,0,0,38323,35826,74149
MACKAY,2005,9,29054,29254,58308,0,0,0,29054,29254,58308
MELBOURNE,2005,9,726488,735874,1462362,177772,169975,347747,904260,905849,1810109
PERTH,2005,9,213694,216224,429918,86221,79796,166017,299915,296020,595935
ROCKHAMPTON,2005,9,27215,26879,54094,0,0,0,27215,26879,54094
SUNSHINE COAST,2005,9,34541,33265,67806,0,0,0,34541,33265,67806
SYDNEY,2005,9,815050,822851,1637901,386191,388594,774785,1201241,1211445,2412686
TOWNSVILLE,2005,9,49412,50011,99423,0,0,0,49412,50011,99423
NEWCASTLE,2005,9,34154,34653,68807,0,0,0,34154,34653,68807
ADELAIDE,2005,10,243691,241434,485125,15960,12620,28580,259651,254054,513705
ALICE SPRINGS,2005,10,27393,27800,55193,0,0,0,27393,27800,55193
All Australian Airports,2005,10,3647540,3647540,7295080,973132,804152,1777284,4620672,4451692,9072364
BALLINA,2005,10,10677,10967,21644,0,0,0,10677,10967,21644
BRISBANE,2005,10,548918,551949,1100867,160991,149945,310936,709909,701894,1411803
CAIRNS,2005,10,128731,134052,262783,38776,35016,73792,167507,169068,336575
CANBERRA,2005,10,113953,110635,224588,0,0,0,113953,110635,224588
DARWIN,2005,10,47928,51472,99400,5451,3809,9260,53379,55281,108660
GOLD COAST,2005,10,150219,153029,303248,9899,11501,21400,160118,164530,324648
HAMILTON ISLAND,2005,10,21696,22875,44571,0,0,0,21696,22875,44571
HOBART,2005,10,67226,67310,134536,0,0,0,67226,67310,134536
KARRATHA,2005,10,10920,10894,21814,0,0,0,10920,10894,21814
LAUNCESTON,2005,10,35726,35958,71684,0,0,0,35726,35958,71684
MACKAY,2005,10,28482,29125,57607,0,0,0,28482,29125,57607
MELBOURNE,2005,10,734132,731126,1465258,202890,158173,361063,937022,889299,1826321
PERTH,2005,10,217453,217738,435191,97595,71530,169125,315048,289268,604316
ROCKHAMPTON,2005,10,26548,26659,53207,0,0,0,26548,26659,53207
SUNSHINE COAST,2005,10,36067,37165,73232,0,0,0,36067,37165,73232
SYDNEY,2005,10,851732,842282,1694014,440647,360488,801135,1292379,1202770,2495149
TOWNSVILLE,2005,10,47485,47663,95148,0,0,0,47485,47663,95148
NEWCASTLE,2005,10,35758,35365,71123,0,0,0,35758,35365,71123
ADELAIDE,2005,11,220297,221854,442151,13653,12548,26201,233950,234402,468352
ALICE SPRINGS,2005,11,24214,25562,49776,0,0,0,24214,25562,49776
All Australian Airports,2005,11,3457713,3457713,6915426,827355,863017,1690372,4285068,4320730,8605798
BALLINA,2005,11,10508,10425,20933,0,0,0,10508,10425,20933
BRISBANE,2005,11,506546,508244,1014790,135876,147514,283390,642422,655758,1298180
CAIRNS,2005,11,115642,118686,234328,38753,38455,77208,154395,157141,311536
CANBERRA,2005,11,111285,111715,223000,0,0,0,111285,111715,223000
DARWIN,2005,11,38687,39539,78226,3753,3360,7113,42440,42899,85339
GOLD COAST,2005,11,134410,136466,270876,5985,6939,12924,140395,143405,283800
HAMILTON ISLAND,2005,11,18939,19718,38657,0,0,0,18939,19718,38657
HOBART,2005,11,69129,68934,138063,0,0,0,69129,68934,138063
KARRATHA,2005,11,10415,10561,20976,0,0,0,10415,10561,20976
LAUNCESTON,2005,11,38437,39986,78423,0,0,0,38437,39986,78423
MACKAY,2005,11,26114,26055,52169,0,0,0,26114,26055,52169
MELBOURNE,2005,11,714523,715258,1429781,170855,178943,349798,885378,894201,1779579
PERTH,2005,11,204604,206082,410686,80761,78913,159674,285365,284995,570360
ROCKHAMPTON,2005,11,23600,24256,47856,0,0,0,23600,24256,47856
SUNSHINE COAST,2005,11,32082,32683,64765,0,0,0,32082,32683,64765
SYDNEY,2005,11,830110,812957,1643067,376786,395538,772324,1206896,1208495,2415391
TOWNSVILLE,2005,11,46188,46359,92547,0,0,0,46188,46359,92547
NEWCASTLE,2005,11,33920,33396,67316,0,0,0,33920,33396,67316
ADELAIDE,2005,12,220583,222357,442940,14431,16433,30864,235014,238790,473804
ALICE SPRINGS,2005,12,20069,23004,43073,0,0,0,20069,23004,43073
All Australian Airports,2005,12,3464337,3464337,6928674,931155,1024711,1955866,4395492,4489048,8884540
BALLINA,2005,12,13015,12603,25618,0,0,0,13015,12603,25618
BRISBANE,2005,12,525357,514994,1040351,160149,167723,327872,685506,682717,1368223
CAIRNS,2005,12,116343,114549,230892,39929,36235,76164,156272,150784,307056
CANBERRA,2005,12,98489,102330,200819,0,0,0,98489,102330,200819
DARWIN,2005,12,36731,43982,80713,3850,5453,9303,40581,49435,90016
GOLD COAST,2005,12,148859,142032,290891,8875,9563,18438,157734,151595,309329
HAMILTON ISLAND,2005,12,19426,18114,37540,0,0,0,19426,18114,37540
HOBART,2005,12,78407,71417,149824,0,0,0,78407,71417,149824
KARRATHA,2005,12,8955,11416,20371,0,0,0,8955,11416,20371
LAUNCESTON,2005,12,44267,41247,85514,0,0,0,44267,41247,85514
MACKAY,2005,12,27413,27760,55173,0,0,0,27413,27760,55173
MELBOURNE,2005,12,693104,717437,1410541,185308,209529,394837,878412,926966,1805378
PERTH,2005,12,219252,210340,429592,91838,99663,191501,311090,310003,621093
ROCKHAMPTON,2005,12,22939,23088,46027,0,0,0,22939,23088,46027
SUNSHINE COAST,2005,12,35527,33582,69109,0,0,0,35527,33582,69109
SYDNEY,2005,12,816383,806754,1623137,426049,479488,905537,1242432,1286242,2528674
TOWNSVILLE,2005,12,48146,50415,98561,0,0,0,48146,50415,98561
NEWCASTLE,2005,12,34584,32717,67301,0,0,0,34584,32717,67301
ADELAIDE,2006,1,217797,217209,435006,16837,14519,31356,234634,231728,466362
ALICE SPRINGS,2006,1,23344,22779,46123,0,0,0,23344,22779,46123
All Australian Airports,2006,1,3437991,3437991,6875982,1089012,952277,2041289,4527003,4390268,8917271
BALLINA,2006,1,12554,14238,26792,0,0,0,12554,14238,26792
BRISBANE,2006,1,504222,512289,1016511,179252,152623,331875,683474,664912,1348386
CAIRNS,2006,1,109322,115807,225129,40753,37480,78233,150075,153287,303362
CANBERRA,2006,1,87151,82452,169603,0,0,0,87151,82452,169603
DARWIN,2006,1,41040,36170,77210,6099,4253,10352,47139,40423,87562
GOLD COAST,2006,1,158953,165184,324137,9751,9457,19208,168704,174641,343345
HAMILTON ISLAND,2006,1,21321,23776,45097,0,0,0,21321,23776,45097
HOBART,2006,1,77489,84806,162295,0,0,0,77489,84806,162295
KARRATHA,2006,1,11173,9299,20472,0,0,0,11173,9299,20472
LAUNCESTON,2006,1,45246,50649,95895,0,0,0,45246,50649,95895
MACKAY,2006,1,26912,26321,53233,0,0,0,26912,26321,53233
MELBOURNE,2006,1,718468,695866,1414334,221854,188571,410425,940322,884437,1824759
PERTH,2006,1,211048,221539,432587,102499,86673,189172,313547,308212,621759
ROCKHAMPTON,2006,1,21485,21576,43061,0,0,0,21485,21576,43061
SUNSHINE COAST,2006,1,36829,40010,76839,0,0,0,36829,40010,76839
SYDNEY,2006,1,805166,794957,1600123,511247,457754,969001,1316413,1252711,2569124
TOWNSVILLE,2006,1,45839,43444,89283,0,0,0,45839,43444,89283
NEWCASTLE,2006,1,34111,34568,68679,0,0,0,34111,34568,68679
ADELAIDE,2006,2,205750,201411,407161,15580,10304,25884,221330,211715,433045
ALICE SPRINGS,2006,2,19989,20458,40447,0,0,0,19989,20458,40447
All Australian Airports,2006,2,3060873,3060873,6121746,886500,775376,1661876,3947373,3836249,7783622
BALLINA,2006,2,9543,9973,19516,0,0,0,9543,9973,19516
BRISBANE,2006,2,440691,440713,881404,138900,126649,265549,579591,567362,1146953
CAIRNS,2006,2,89954,93536,183490,33353,32784,66137,123307,126320,249627
CANBERRA,2006,2,97431,95280,192711,0,0,0,97431,95280,192711
DARWIN,2006,2,30649,31395,62044,3998,3292,7290,34647,34687,69334
GOLD COAST,2006,2,122184,122877,245061,7273,8160,15433,129457,131037,260494
HAMILTON ISLAND,2006,2,14350,14356,28706,0,0,0,14350,14356,28706
HOBART,2006,2,69055,67574,136629,0,0,0,69055,67574,136629
KARRATHA,2006,2,8567,9151,17718,0,0,0,8567,9151,17718
LAUNCESTON,2006,2,38984,38617,77601,0,0,0,38984,38617,77601
MACKAY,2006,2,24347,24092,48439,0,0,0,24347,24092,48439
MELBOURNE,2006,2,633682,638290,1271972,190788,153505,344293,824470,791795,1616265
PERTH,2006,2,180765,183329,364094,84447,68749,153196,265212,252078,517290
ROCKHAMPTON,2006,2,20867,21028,41895,0,0,0,20867,21028,41895
SUNSHINE COAST,2006,2,26926,26855,53781,0,0,0,26926,26855,53781
SYDNEY,2006,2,738344,733853,1472197,411471,371274,782745,1149815,1105127,2254942
TOWNSVILLE,2006,2,39515,39660,79175,0,0,0,39515,39660,79175
NEWCASTLE,2006,2,30939,30297,61236,0,0,0,30939,30297,61236
ADELAIDE,2006,3,238973,241863,480836,14838,13676,28514,253811,255539,509350
ALICE SPRINGS,2006,3,24007,24663,48670,0,0,0,24007,24663,48670
All Australian Airports,2006,3,3489784,3489784,6979568,839841,858257,1698098,4329625,4348041,8677666
BALLINA,2006,3,10609,10898,21507,0,0,0,10609,10898,21507
BRISBANE,2006,3,506433,503723,1010156,136253,136404,272657,642686,640127,1282813
CAIRNS,2006,3,103418,103831,207249,35895,36073,71968,139313,139904,279217
CANBERRA,2006,3,112270,115553,227823,0,0,0,112270,115553,227823
DARWIN,2006,3,37486,37595,75081,3935,4330,8265,41421,41925,83346
GOLD COAST,2006,3,133373,131014,264387,8435,8245,16680,141808,139259,281067
HAMILTON ISLAND,2006,3,17252,16986,34238,0,0,0,17252,16986,34238
HOBART,2006,3,71092,73190,144282,0,0,0,71092,73190,144282
KARRATHA,2006,3,10875,11189,22064,0,0,0,10875,11189,22064
LAUNCESTON,2006,3,41702,43071,84773,0,0,0,41702,43071,84773
MACKAY,2006,3,27314,27842,55156,0,0,0,27314,27842,55156
MELBOURNE,2006,3,715770,712938,1428708,183635,176863,360498,899405,889801,1789206
PERTH,2006,3,215908,216251,432159,77375,80277,157652,293283,296528,589811
ROCKHAMPTON,2006,3,24042,24671,48713,0,0,0,24042,24671,48713
SUNSHINE COAST,2006,3,30841,30634,61475,0,0,0,30841,30634,61475
SYDNEY,2006,3,824597,819359,1643956,378684,401512,780196,1203281,1220871,2424152
TOWNSVILLE,2006,3,47297,47575,94872,0,0,0,47297,47575,94872
NEWCASTLE,2006,3,35320,34345,69665,0,0,0,35320,34345,69665
ADELAIDE,2006,4,233226,237898,471124,15941,17566,33507,249167,255464,504631
ALICE SPRINGS,2006,4,25815,26324,52139,0,0,0,25815,26324,52139
All Australian Airports,2006,4,3506049,3506049,7012098,841414,905572,1746986,4347463,4411621,8759084
BALLINA,2006,4,14169,14256,28425,0,0,0,14169,14256,28425
BRISBANE,2006,4,522638,519592,1042230,148833,152560,301393,671471,672152,1343623
CAIRNS,2006,4,114125,113803,227928,30899,31554,62453,145024,145357,290381
CANBERRA,2006,4,104397,104272,208669,0,0,0,104397,104272,208669
DARWIN,2006,4,42178,41903,84081,5186,6019,11205,47364,47922,95286
GOLD COAST,2006,4,134850,138157,273007,8022,7866,15888,142872,146023,288895
HAMILTON ISLAND,2006,4,19468,19580,39048,0,0,0,19468,19580,39048
HOBART,2006,4,67273,70243,137516,0,0,0,67273,70243,137516
KARRATHA,2006,4,11489,11122,22611,0,0,0,11489,11122,22611
LAUNCESTON,2006,4,39853,41242,81095,0,0,0,39853,41242,81095
MACKAY,2006,4,27597,27389,54986,0,0,0,27597,27389,54986
MELBOURNE,2006,4,684662,689231,1373893,161967,174747,336714,846629,863978,1710607
PERTH,2006,4,223364,223317,446681,79272,89197,168469,302636,312514,615150
ROCKHAMPTON,2006,4,23778,23698,47476,0,0,0,23778,23698,47476
SUNSHINE COAST,2006,4,33641,34150,67791,0,0,0,33641,34150,67791
SYDNEY,2006,4,829796,814262,1644058,390293,425042,815335,1220089,1239304,2459393
TOWNSVILLE,2006,4,50923,51919,102842,0,0,0,50923,51919,102842
NEWCASTLE,2006,4,35959,35275,71234,0,0,0,35959,35275,71234
ADELAIDE,2006,5,227121,229568,456689,13450,15116,28566,240571,244684,485255
ALICE SPRINGS,2006,5,23122,24794,47916,0,0,0,23122,24794,47916
All Australian Airports,2006,5,3427576,3427576,6855152,718313,794689,1513002,4145889,4222265,8368154
BALLINA,2006,5,11025,11183,22208,0,0,0,11025,11183,22208
BRISBANE,2006,5,510539,505398,1015937,129506,135405,264911,640045,640803,1280848
CAIRNS,2006,5,111451,111521,222972,28134,30388,58522,139585,141909,281494
CANBERRA,2006,5,111771,112621,224392,0,0,0,111771,112621,224392
DARWIN,2006,5,51406,49148,100554,4108,5056,9164,55514,54204,109718
GOLD COAST,2006,5,120690,122955,243645,6573,6558,13131,127263,129513,256776
HAMILTON ISLAND,2006,5,14220,15446,29666,0,0,0,14220,15446,29666
HOBART,2006,5,57520,62512,120032,0,0,0,57520,62512,120032
KARRATHA,2006,5,13005,12610,25615,0,0,0,13005,12610,25615
LAUNCESTON,2006,5,35174,36990,72164,0,0,0,35174,36990,72164
MACKAY,2006,5,29083,29141,58224,0,0,0,29083,29141,58224
MELBOURNE,2006,5,680308,686839,1367147,139726,163023,302749,820034,849862,1669896
PERTH,2006,5,218306,217135,435441,65666,73398,139064,283972,290533,574505
ROCKHAMPTON,2006,5,25998,26281,52279,0,0,0,25998,26281,52279
SUNSHINE COAST,2006,5,29563,30323,59886,0,0,0,29563,30323,59886
SYDNEY,2006,5,800145,787082,1587227,330210,364815,695025,1130355,1151897,2282252
TOWNSVILLE,2006,5,52029,51644,103673,0,0,0,52029,51644,103673
NEWCASTLE,2006,5,36838,35794,72632,0,0,0,36838,35794,72632
ADELAIDE,2006,6,215103,216769,431872,14554,15839,30393,229657,232608,462265
ALICE SPRINGS,2006,6,25275,25784,51059,0,0,0,25275,25784,51059
All Australian Airports,2006,6,3404918,3404918,6809836,783796,885022,1668818,4188714,4289940,8478654
BALLINA,2006,6,11449,11392,22841,0,0,0,11449,11392,22841
BRISBANE,2006,6,518436,518314,1036750,147740,155368,303108,666176,673682,1339858
CAIRNS,2006,6,127372,120239,247611,31871,30797,62668,159243,151036,310279
CANBERRA,2006,6,107165,107880,215045,0,0,0,107165,107880,215045
DARWIN,2006,6,56457,54333,110790,5072,6746,11818,61529,61079,122608
GOLD COAST,2006,6,129558,125754,255312,7122,6259,13381,136680,132013,268693
HAMILTON ISLAND,2006,6,14447,13425,27872,0,0,0,14447,13425,27872
HOBART,2006,6,57896,56556,114452,0,0,0,57896,56556,114452
KARRATHA,2006,6,12252,12849,25101,0,0,0,12252,12849,25101
LAUNCESTON,2006,6,35605,34647,70252,0,0,0,35605,34647,70252
MACKAY,2006,6,29436,29969,59405,0,0,0,29436,29969,59405
MELBOURNE,2006,6,671134,687726,1358860,157179,187538,344717,828313,875264,1703577
PERTH,2006,6,202140,201554,403694,70329,82582,152911,272469,284136,556605
ROCKHAMPTON,2006,6,26313,26828,53141,0,0,0,26313,26828,53141
SUNSHINE COAST,2006,6,31915,31496,63411,0,0,0,31915,31496,63411
SYDNEY,2006,6,778195,775428,1553623,349258,399074,748332,1127453,1174502,2301955
TOWNSVILLE,2006,6,54384,54253,108637,0,0,0,54384,54253,108637
NEWCASTLE,2006,6,34664,34092,68756,0,0,0,34664,34092,68756
ADELAIDE,2006,7,241672,243392,485064,20973,17547,38520,262645,260939,523584
ALICE SPRINGS,2006,7,30173,31758,61931,0,0,0,30173,31758,61931
All Australian Airports,2006,7,3803789,3803789,7607578,1027914,854156,1882070,4831703,4657945,9489648
BALLINA,2006,7,13906,13767,27673,0,0,0,13906,13767,27673
BRISBANE,2006,7,585739,577747,1163486,195260,160619,355879,780999,738366,1519365
CAIRNS,2006,7,152746,152101,304847,31715,28879,60594,184461,180980,365441
CANBERRA,2006,7,112025,109665,221690,0,0,0,112025,109665,221690
DARWIN,2006,7,68177,69954,138131,8020,6217,14237,76197,76171,152368
GOLD COAST,2006,7,151730,151528,303258,9502,8701,18203,161232,160229,321461
HAMILTON ISLAND,2006,7,20457,21746,42203,0,0,0,20457,21746,42203
HOBART,2006,7,58715,58423,117138,0,0,0,58715,58423,117138
KARRATHA,2006,7,13860,13760,27620,0,0,0,13860,13760,27620
LAUNCESTON,2006,7,34464,34590,69054,0,0,0,34464,34590,69054
MACKAY,2006,7,31900,31735,63635,0,0,0,31900,31735,63635
MELBOURNE,2006,7,733713,727486,1461199,196492,157279,353771,930205,884765,1814970
PERTH,2006,7,233755,238277,472032,96083,80422,176505,329838,318699,648537
ROCKHAMPTON,2006,7,28168,28045,56213,0,0,0,28168,28045,56213
SUNSHINE COAST,2006,7,38834,38516,77350,0,0,0,38834,38516,77350
SYDNEY,2006,7,870269,877332,1747601,469131,393768,862899,1339400,1271100,2610500
TOWNSVILLE,2006,7,58467,58046,116513,0,0,0,58467,58046,116513
NEWCASTLE,2006,7,38591,40345,78936,0,0,0,38591,40345,78936
ADELAIDE,2006,8,236228,237747,473975,18345,17044,35389,254573,254791,509364
ALICE SPRINGS,2006,8,28557,30433,58990,0,0,0,28557,30433,58990
All Australian Airports,2006,8,3719762,3719762,7439524,837360,887264,1724624,4557122,4607026,9164148
BALLINA,2006,8,12511,12813,25324,0,0,0,12511,12813,25324
BRISBANE,2006,8,556298,556104,1112402,156937,174756,331693,713235,730860,1444095
CAIRNS,2006,8,142571,143914,286485,33113,36214,69327,175684,180128,355812
CANBERRA,2006,8,115399,115974,231373,0,0,0,115399,115974,231373
DARWIN,2006,8,62813,66717,129530,5282,6814,12096,68095,73531,141626
GOLD COAST,2006,8,142204,144126,286330,8496,8619,17115,150700,152745,303445
HAMILTON ISLAND,2006,8,19189,18927,38116,0,0,0,19189,18927,38116
HOBART,2006,8,61404,62064,123468,0,0,0,61404,62064,123468
KARRATHA,2006,8,13412,13258,26670,0,0,0,13412,13258,26670
LAUNCESTON,2006,8,35763,36363,72126,0,0,0,35763,36363,72126
MACKAY,2006,8,29893,30576,60469,0,0,0,29893,30576,60469
MELBOURNE,2006,8,732886,733370,1466256,163060,165438,328498,895946,898808,1794754
PERTH,2006,8,225482,226978,452460,80202,76904,157106,305684,303882,609566
ROCKHAMPTON,2006,8,26988,27594,54582,0,0,0,26988,27594,54582
SUNSHINE COAST,2006,8,38170,37768,75938,0,0,0,38170,37768,75938
SYDNEY,2006,8,855423,839500,1694923,371197,400795,771992,1226620,1240295,2466915
TOWNSVILLE,2006,8,55652,55541,111193,0,0,0,55652,55541,111193
NEWCASTLE,2006,8,39118,38273,77391,0,0,0,39118,38273,77391
ADELAIDE,2006,9,235685,237135,472820,18215,16346,34561,253900,253481,507381
ALICE SPRINGS,2006,9,26819,27721,54540,0,0,0,26819,27721,54540
All Australian Airports,2006,9,3809933,3809933,7619866,908725,889284,1798009,4718658,4699217,9417875
BALLINA,2006,9,14776,14192,28968,0,0,0,14776,14192,28968
BRISBANE,2006,9,574017,575981,1149998,170627,171001,341628,744644,746982,1491626
CAIRNS,2006,9,139296,137101,276397,33115,33425,66540,172411,170526,342937
CANBERRA,2006,9,114836,116199,231035,0,0,0,114836,116199,231035
DARWIN,2006,9,54167,56936,111103,5412,5265,10677,59579,62201,121780
GOLD COAST,2006,9,152204,151995,304199,9361,9849,19210,161565,161844,323409
HAMILTON ISLAND,2006,9,22971,21551,44522,0,0,0,22971,21551,44522
HOBART,2006,9,65005,62128,127133,0,0,0,65005,62128,127133
KARRATHA,2006,9,12759,13478,26237,0,0,0,12759,13478,26237
LAUNCESTON,2006,9,39935,38235,78170,0,0,0,39935,38235,78170
MACKAY,2006,9,32978,33000,65978,0,0,0,32978,33000,65978
MELBOURNE,2006,9,760866,745023,1505889,187117,180311,367428,947983,925334,1873317
PERTH,2006,9,234665,242285,476950,83593,77106,160699,318258,319391,637649
ROCKHAMPTON,2006,9,27366,27908,55274,0,0,0,27366,27908,55274
SUNSHINE COAST,2006,9,39123,39635,78758,0,0,0,39123,39635,78758
SYDNEY,2006,9,874150,880207,1754357,400559,395302,795861,1274709,1275509,2550218
TOWNSVILLE,2006,9,56964,58044,115008,0,0,0,56964,58044,115008
NEWCASTLE,2006,9,39732,39530,79262,0,0,0,39732,39530,79262
ADELAIDE,2006,10,257160,250871,508031,21877,15822,37699,279037,266693,545730
ALICE SPRINGS,2006,10,28973,29426,58399,0,0,0,28973,29426,58399
All Australian Airports,2006,10,4002941,4002941,8005882,1025314,862386,1887700,5028255,4865327,9893582
BALLINA,2006,10,14969,15337,30306,0,0,0,14969,15337,30306
BRISBANE,2006,10,611639,608679,1220318,182072,162195,344267,793711,770874,1564585
CAIRNS,2006,10,141271,142201,283472,35112,31890,67002,176383,174091,350474
CANBERRA,2006,10,120725,118087,238812,0,0,0,120725,118087,238812
DARWIN,2006,10,52100,56346,108446,5778,5050,10828,57878,61396,119274
GOLD COAST,2006,10,162074,164517,326591,7412,8162,15574,169486,172679,342165
HAMILTON ISLAND,2006,10,23935,24865,48800,0,0,0,23935,24865,48800
HOBART,2006,10,69747,69473,139220,0,0,0,69747,69473,139220
KARRATHA,2006,10,13805,13310,27115,0,0,0,13805,13310,27115
LAUNCESTON,2006,10,39848,40137,79985,0,0,0,39848,40137,79985
MACKAY,2006,10,33283,32842,66125,0,0,0,33283,32842,66125
MELBOURNE,2006,10,781955,785887,1567842,198949,160761,359710,980904,946648,1927552
PERTH,2006,10,262833,259340,522173,105339,80122,185461,368172,339462,707634
ROCKHAMPTON,2006,10,28066,27921,55987,0,0,0,28066,27921,55987
SUNSHINE COAST,2006,10,40816,40795,81611,0,0,0,40816,40795,81611
SYDNEY,2006,10,919862,924316,1844178,467976,397497,865473,1387838,1321813,2709651
TOWNSVILLE,2006,10,57624,56943,114567,0,0,0,57624,56943,114567
NEWCASTLE,2006,10,42204,41607,83811,0,0,0,42204,41607,83811
ADELAIDE,2006,11,245908,240884,486792,18211,15523,33734,264119,256407,520526
ALICE SPRINGS,2006,11,25170,26628,51798,0,0,0,25170,26628,51798
All Australian Airports,2006,11,3851065,3851065,7702130,890377,892661,1783038,4741442,4743726,9485168
BALLINA,2006,11,13249,13451,26700,0,0,0,13249,13451,26700
BRISBANE,2006,11,569319,573220,1142539,150858,154736,305594,720177,727956,1448133
CAIRNS,2006,11,128939,130771,259710,32947,32541,65488,161886,163312,325198
CANBERRA,2006,11,121176,121637,242813,0,0,0,121176,121637,242813
DARWIN,2006,11,47259,48625,95884,4526,4662,9188,51785,53287,105072
GOLD COAST,2006,11,147021,148381,295402,6352,6957,13309,153373,155338,308711
HAMILTON ISLAND,2006,11,21283,21568,42851,0,0,0,21283,21568,42851
HOBART,2006,11,71053,71488,142541,0,0,0,71053,71488,142541
KARRATHA,2006,11,13265,13388,26653,0,0,0,13265,13388,26653
LAUNCESTON,2006,11,44222,43736,87958,0,0,0,44222,43736,87958
MACKAY,2006,11,30441,30783,61224,0,0,0,30441,30783,61224
MELBOURNE,2006,11,772161,769076,1541237,180335,182668,363003,952496,951744,1904240
PERTH,2006,11,247483,248381,495864,88605,81909,170514,336088,330290,666378
ROCKHAMPTON,2006,11,26610,26602,53212,0,0,0,26610,26602,53212
SUNSHINE COAST,2006,11,37959,38403,76362,0,0,0,37959,38403,76362
SYDNEY,2006,11,905894,898131,1804025,407704,412837,820541,1313598,1310968,2624566
TOWNSVILLE,2006,11,51998,52889,104887,0,0,0,51998,52889,104887
NEWCASTLE,2006,11,41627,41781,83408,0,0,0,41627,41781,83408
ADELAIDE,2006,12,238712,244231,482943,20208,22158,42366,258920,266389,525309
ALICE SPRINGS,2006,12,22511,24366,46877,0,0,0,22511,24366,46877
All Australian Airports,2006,12,3787100,3787100,7574200,994238,1087336,2081574,4781338,4874436,9655774
BALLINA,2006,12,15275,14729,30004,0,0,0,15275,14729,30004
BRISBANE,2006,12,579869,571135,1151004,165788,178972,344760,745657,750107,1495764
CAIRNS,2006,12,121345,120442,241787,32552,30225,62777,153897,150667,304564
CANBERRA,2006,12,101840,106873,208713,0,0,0,101840,106873,208713
DARWIN,2006,12,43111,50354,93465,4081,7627,11708,47192,57981,105173
GOLD COAST,2006,12,150312,151717,302029,7837,8472,16309,158149,160189,318338
HAMILTON ISLAND,2006,12,20339,19288,39627,0,0,0,20339,19288,39627
HOBART,2006,12,79214,73890,153104,0,0,0,79214,73890,153104
KARRATHA,2006,12,10194,13160,23354,0,0,0,10194,13160,23354
LAUNCESTON,2006,12,48667,45593,94260,0,0,0,48667,45593,94260
MACKAY,2006,12,30439,31464,61903,0,0,0,30439,31464,61903
MELBOURNE,2006,12,752975,766266,1519241,200204,219280,419484,953179,985546,1938725
PERTH,2006,12,249272,246463,495735,109355,114773,224128,358627,361236,719863
ROCKHAMPTON,2006,12,25438,26019,51457,0,0,0,25438,26019,51457
SUNSHINE COAST,2006,12,37293,36228,73521,0,0,0,37293,36228,73521
SYDNEY,2006,12,899097,873635,1772732,453427,505143,958570,1352524,1378778,2731302
TOWNSVILLE,2006,12,51043,54627,105670,0,0,0,51043,54627,105670
NEWCASTLE,2006,12,39839,37872,77711,0,0,0,39839,37872,77711
ADELAIDE,2007,1,232631,234547,467178,22042,17928,39970,254673,252475,507148
ALICE SPRINGS,2007,1,22816,21593,44409,0,0,0,22816,21593,44409
All Australian Airports,2007,1,3718489,3718489,7436978,1126388,1008044,2134432,4844877,4726533,9571410
BALLINA,2007,1,15413,16571,31984,0,0,0,15413,16571,31984
BRISBANE,2007,1,556851,563418,1120269,186651,161832,348483,743502,725250,1468752
CAIRNS,2007,1,114541,120259,234800,31947,31554,63501,146488,151813,298301
CANBERRA,2007,1,91283,86949,178232,0,0,0,91283,86949,178232
DARWIN,2007,1,47442,42150,89592,7515,5243,12758,54957,47393,102350
GOLD COAST,2007,1,166569,168854,335423,9915,9226,19141,176484,178080,354564
HAMILTON ISLAND,2007,1,20819,23061,43880,0,0,0,20819,23061,43880
HOBART,2007,1,74183,82177,156360,0,0,0,74183,82177,156360
KARRATHA,2007,1,13494,10445,23939,0,0,0,13494,10445,23939
LAUNCESTON,2007,1,47295,50551,97846,0,0,0,47295,50551,97846
MACKAY,2007,1,29568,29315,58883,0,0,0,29568,29315,58883
MELBOURNE,2007,1,762461,744091,1506552,227278,202772,430050,989739,946863,1936602
PERTH,2007,1,244674,253638,498312,116820,99440,216260,361494,353078,714572
ROCKHAMPTON,2007,1,23213,23129,46342,0,0,0,23213,23129,46342
SUNSHINE COAST,2007,1,38148,39815,77963,0,0,0,38148,39815,77963
SYDNEY,2007,1,865607,863803,1729410,523596,479313,1002909,1389203,1343116,2732319
TOWNSVILLE,2007,1,47587,44664,92251,0,0,0,47587,44664,92251
NEWCASTLE,2007,1,39976,41117,81093,0,0,0,39976,41117,81093
ADELAIDE,2007,2,220136,217088,437224,19381,14132,33513,239517,231220,470737
ALICE SPRINGS,2007,2,20884,20906,41790,0,0,0,20884,20906,41790
All Australian Airports,2007,2,3354416,3354416,6708832,936238,815606,1751844,4290654,4170022,8460676
BALLINA,2007,2,11924,12110,24034,0,0,0,11924,12110,24034
BRISBANE,2007,2,480880,477533,958413,149653,137565,287218,630533,615098,1245631
CAIRNS,2007,2,102018,104313,206331,31309,27251,58560,133327,131564,264891
CANBERRA,2007,2,103685,101970,205655,0,0,0,103685,101970,205655
DARWIN,2007,2,36268,37621,73889,4642,3953,8595,40910,41574,82484
GOLD COAST,2007,2,139387,140736,280123,6084,6774,12858,145471,147510,292981
HAMILTON ISLAND,2007,2,14902,14838,29740,0,0,0,14902,14838,29740
HOBART,2007,2,69946,68219,138165,0,0,0,69946,68219,138165
KARRATHA,2007,2,11680,11769,23449,0,0,0,11680,11769,23449
LAUNCESTON,2007,2,43419,41134,84553,0,0,0,43419,41134,84553
MACKAY,2007,2,26011,26498,52509,0,0,0,26011,26498,52509
MELBOURNE,2007,2,676206,675627,1351833,196447,161820,358267,872653,837447,1710100
PERTH,2007,2,209585,214564,424149,96188,76677,172865,305773,291241,597014
ROCKHAMPTON,2007,2,22162,22314,44476,0,0,0,22162,22314,44476
SUNSHINE COAST,2007,2,32070,32074,64144,0,0,0,32070,32074,64144
SYDNEY,2007,2,804202,804149,1608351,431862,386756,818618,1236064,1190905,2426969
TOWNSVILLE,2007,2,43387,43898,87285,0,0,0,43387,43898,87285
NEWCASTLE,2007,2,35885,36002,71887,0,0,0,35885,36002,71887
ADELAIDE,2007,3,254122,257588,511710,20874,18490,39364,274996,276078,551074
ALICE SPRINGS,2007,3,24998,25740,50738,0,0,0,24998,25740,50738
All Australian Airports,2007,3,3845355,3845355,7690710,939244,949218,1888462,4784599,4794573,9579172
BALLINA,2007,3,13075,13010,26085,0,0,0,13075,13010,26085
BRISBANE,2007,3,552568,548746,1101314,158937,155550,314487,711505,704296,1415801
CAIRNS,2007,3,114595,113666,228261,30931,31172,62103,145526,144838,290364
CANBERRA,2007,3,122482,124998,247480,0,0,0,122482,124998,247480
DARWIN,2007,3,44612,44752,89364,4423,4765,9188,49035,49517,98552
GOLD COAST,2007,3,154028,155149,309177,7704,6928,14632,161732,162077,323809
HAMILTON ISLAND,2007,3,18121,17958,36079,0,0,0,18121,17958,36079
HOBART,2007,3,71245,73649,144894,0,0,0,71245,73649,144894
KARRATHA,2007,3,11830,12420,24250,0,0,0,11830,12420,24250
LAUNCESTON,2007,3,44624,45420,90044,0,0,0,44624,45420,90044
MACKAY,2007,3,29503,29601,59104,0,0,0,29503,29601,59104
MELBOURNE,2007,3,767156,775140,1542296,196256,193785,390041,963412,968925,1932337
PERTH,2007,3,254300,250966,505266,91010,93496,184506,345310,344462,689772
ROCKHAMPTON,2007,3,25620,26294,51914,0,0,0,25620,26294,51914
SUNSHINE COAST,2007,3,36994,36363,73357,0,0,0,36994,36363,73357
SYDNEY,2007,3,916442,901634,1818076,428333,444210,872543,1344775,1345844,2690619
TOWNSVILLE,2007,3,50975,50783,101758,0,0,0,50975,50783,101758
NEWCASTLE,2007,3,41605,41215,82820,0,0,0,41605,41215,82820
ADELAIDE,2007,4,244459,249317,493776,17956,20398,38354,262415,269715,532130
ALICE SPRINGS,2007,4,25592,25798,51390,0,0,0,25592,25798,51390
All Australian Airports,2007,4,3778119,3778119,7556238,895544,940058,1835602,4673663,4718177,9391840
BALLINA,2007,4,12580,12644,25224,0,0,0,12580,12644,25224
BRISBANE,2007,4,563962,572267,1136229,157899,160567,318466,721861,732834,1454695
CAIRNS,2007,4,120698,119999,240697,24694,25400,50094,145392,145399,290791
CANBERRA,2007,4,109738,110927,220665,0,0,0,109738,110927,220665
DARWIN,2007,4,50485,50503,100988,5298,5447,10745,55783,55950,111733
GOLD COAST,2007,4,146931,150343,297274,8079,7897,15976,155010,158240,313250
HAMILTON ISLAND,2007,4,18474,18652,37126,0,0,0,18474,18652,37126
HOBART,2007,4,68395,69794,138189,0,0,0,68395,69794,138189
KARRATHA,2007,4,14027,13333,27360,0,0,0,14027,13333,27360
LAUNCESTON,2007,4,43422,43847,87269,0,0,0,43422,43847,87269
MACKAY,2007,4,31153,30848,62001,0,0,0,31153,30848,62001
MELBOURNE,2007,4,736138,732239,1468377,178238,183063,361301,914376,915302,1829678
PERTH,2007,4,254351,256080,510431,91680,100841,192521,346031,356921,702952
ROCKHAMPTON,2007,4,26714,26778,53492,0,0,0,26714,26778,53492
SUNSHINE COAST,2007,4,35826,35861,71687,0,0,0,35826,35861,71687
SYDNEY,2007,4,890300,870655,1760955,410858,435630,846488,1301158,1306285,2607443
TOWNSVILLE,2007,4,53589,53913,107502,0,0,0,53589,53913,107502
NEWCASTLE,2007,4,39692,39821,79513,0,0,0,39692,39821,79513
ADELAIDE,2007,5,236339,237644,473983,14657,17770,32427,250996,255414,506410
ALICE SPRINGS,2007,5,24785,25591,50376,0,0,0,24785,25591,50376
All Australian Airports,2007,5,3685294,3685294,7370588,768333,842185,1610518,4453627,4527479,8981106
BALLINA,2007,5,11833,11905,23738,0,0,0,11833,11905,23738
BRISBANE,2007,5,561731,559780,1121511,138687,142402,281089,700418,702182,1402600
CAIRNS,2007,5,119278,116025,235303,23019,25929,48948,142297,141954,284251
CANBERRA,2007,5,116760,118636,235396,0,0,0,116760,118636,235396
DARWIN,2007,5,58981,55667,114648,5250,5930,11180,64231,61597,125828
GOLD COAST,2007,5,138302,138719,277021,7312,6950,14262,145614,145669,291283
HAMILTON ISLAND,2007,5,15349,15328,30677,0,0,0,15349,15328,30677
HOBART,2007,5,62339,66819,129158,0,0,0,62339,66819,129158
KARRATHA,2007,5,13683,13824,27507,0,0,0,13683,13824,27507
LAUNCESTON,2007,5,38895,41160,80055,0,0,0,38895,41160,80055
MACKAY,2007,5,32922,33234,66156,0,0,0,32922,33234,66156
MELBOURNE,2007,5,707706,709545,1417251,156746,175322,332068,864452,884867,1749319
PERTH,2007,5,235472,238249,473721,77954,87480,165434,313426,325729,639155
ROCKHAMPTON,2007,5,29005,29021,58026,0,0,0,29005,29021,58026
SUNSHINE COAST,2007,5,33613,33494,67107,0,0,0,33613,33494,67107
SYDNEY,2007,5,853898,842286,1696184,343849,379611,723460,1197747,1221897,2419644
TOWNSVILLE,2007,5,54844,55356,110200,0,0,0,54844,55356,110200
NEWCASTLE,2007,5,42566,41834,84400,0,0,0,42566,41834,84400
ADELAIDE,2007,6,223256,223278,446534,17277,18186,35463,240533,241464,481997
ALICE SPRINGS,2007,6,26601,26487,53088,0,0,0,26601,26487,53088
All Australian Airports,2007,6,3616292,3616292,7232584,838202,921692,1759894,4454494,4537984,8992478
BALLINA,2007,6,12008,11743,23751,0,0,0,12008,11743,23751
BRISBANE,2007,6,556745,559675,1116420,152525,159817,312342,709270,719492,1428762
CAIRNS,2007,6,131431,122998,254429,28136,26594,54730,159567,149592,309159
CANBERRA,2007,6,112317,113155,225472,0,0,0,112317,113155,225472
DARWIN,2007,6,63885,60543,124428,5435,7582,13017,69320,68125,137445
GOLD COAST,2007,6,135250,132959,268209,8579,7652,16231,143829,140611,284440
HAMILTON ISLAND,2007,6,16262,16058,32320,0,0,0,16262,16058,32320
HOBART,2007,6,61143,58904,120047,0,0,0,61143,58904,120047
KARRATHA,2007,6,13065,13248,26313,0,0,0,13065,13248,26313
LAUNCESTON,2007,6,37919,36425,74344,0,0,0,37919,36425,74344
MACKAY,2007,6,32537,32797,65334,0,0,0,32537,32797,65334
MELBOURNE,2007,6,689210,700137,1389347,168100,187830,355930,857310,887967,1745277
PERTH,2007,6,230159,228118,458277,85112,100610,185722,315271,328728,643999
ROCKHAMPTON,2007,6,28741,28886,57627,0,0,0,28741,28886,57627
SUNSHINE COAST,2007,6,32019,31005,63024,0,0,0,32019,31005,63024
SYDNEY,2007,6,826499,834486,1660985,372426,412629,785055,1198925,1247115,2446040
TOWNSVILLE,2007,6,56133,55921,112054,0,0,0,56133,55921,112054
NEWCASTLE,2007,6,39121,38734,77855,0,0,0,39121,38734,77855
ADELAIDE,2007,7,256624,258151,514775,21235,18685,39920,277859,276836,554695
ALICE SPRINGS,2007,7,30713,32584,63297,0,0,0,30713,32584,63297
All Australian Airports,2007,7,4046509,4046509,8093018,1064144,917921,1982065,5110653,4964430,10075083
BALLINA,2007,7,13579,13374,26953,0,0,0,13579,13374,26953
BRISBANE,2007,7,628929,618481,1247410,184506,165111,349617,813435,783592,1597027
CAIRNS,2007,7,153718,153644,307362,32162,28765,60927,185880,182409,368289
CANBERRA,2007,7,120145,118282,238427,0,0,0,120145,118282,238427
DARWIN,2007,7,69489,71555,141044,8937,7175,16112,78426,78730,157156
GOLD COAST,2007,7,153338,151693,305031,9202,9031,18233,162540,160724,323264
HAMILTON ISLAND,2007,7,18998,19663,38661,0,0,0,18998,19663,38661
HOBART,2007,7,61145,61877,123022,0,0,0,61145,61877,123022
KARRATHA,2007,7,15323,15081,30404,0,0,0,15323,15081,30404
LAUNCESTON,2007,7,38347,38729,77076,0,0,0,38347,38729,77076
MACKAY,2007,7,33957,33320,67277,0,0,0,33957,33320,67277
MELBOURNE,2007,7,770581,768036,1538617,204486,180555,385041,975067,948591,1923658
PERTH,2007,7,262928,272675,535603,118158,96690,214848,381086,369365,750451
ROCKHAMPTON,2007,7,29849,29472,59321,0,0,0,29849,29472,59321
SUNSHINE COAST,2007,7,35562,34689,70251,0,0,0,35562,34689,70251
SYDNEY,2007,7,927254,930555,1857809,484746,411228,895974,1412000,1341783,2753783
TOWNSVILLE,2007,7,62281,60980,123261,0,0,0,62281,60980,123261
NEWCASTLE,2007,7,42365,42245,84610,0,0,0,42365,42245,84610
ADELAIDE,2007,8,249327,252099,501426,18744,17726,36470,268071,269825,537896
ALICE SPRINGS,2007,8,28924,30539,59463,0,0,0,28924,30539,59463
All Australian Airports,2007,8,4005460,4005460,8010920,919038,946558,1865596,4924498,4952018,9876516
BALLINA,2007,8,12365,12552,24917,0,0,0,12365,12552,24917
BRISBANE,2007,8,610132,609503,1219635,163817,175834,339651,773949,785337,1559286
CAIRNS,2007,8,145711,146989,292700,32731,34249,66980,178442,181238,359680
CANBERRA,2007,8,124371,125501,249872,0,0,0,124371,125501,249872
DARWIN,2007,8,64809,69870,134679,6583,7052,13635,71392,76922,148314
GOLD COAST,2007,8,154761,155047,309808,8932,8905,17837,163693,163952,327645
HAMILTON ISLAND,2007,8,20773,19860,40633,0,0,0,20773,19860,40633
HOBART,2007,8,64598,65822,130420,0,0,0,64598,65822,130420
KARRATHA,2007,8,15450,15535,30985,0,0,0,15450,15535,30985
LAUNCESTON,2007,8,39127,39574,78701,0,0,0,39127,39574,78701
MACKAY,2007,8,33540,33967,67507,0,0,0,33540,33967,67507
MELBOURNE,2007,8,773747,769472,1543219,182874,182956,365830,956621,952428,1909049
PERTH,2007,8,260685,258443,519128,96078,94491,190569,356763,352934,709697
ROCKHAMPTON,2007,8,28331,28805,57136,0,0,0,28331,28805,57136
SUNSHINE COAST,2007,8,33255,32749,66004,0,0,0,33255,32749,66004
SYDNEY,2007,8,922071,909550,1831621,408691,424699,833390,1330762,1334249,2665011
TOWNSVILLE,2007,8,57939,58168,116107,0,0,0,57939,58168,116107
NEWCASTLE,2007,8,42800,42838,85638,0,0,0,42800,42838,85638
ADELAIDE,2007,9,248160,248431,496591,18979,18782,37761,267139,267213,534352
ALICE SPRINGS,2007,9,27261,27686,54947,0,0,0,27261,27686,54947
All Australian Airports,2007,9,3954503,3954503,7909006,943556,964058,1907614,4898059,4918561,9816620
BALLINA,2007,9,13244,12961,26205,0,0,0,13244,12961,26205
BRISBANE,2007,9,608255,603528,1211783,169900,178498,348398,778155,782026,1560181
CAIRNS,2007,9,138720,134939,273659,28902,31021,59923,167622,165960,333582
CANBERRA,2007,9,116658,118175,234833,0,0,0,116658,118175,234833
DARWIN,2007,9,57855,59840,117695,6963,7056,14019,64818,66896,131714
GOLD COAST,2007,9,164030,161410,325440,9567,9740,19307,173597,171150,344747
HAMILTON ISLAND,2007,9,23127,22268,45395,0,0,0,23127,22268,45395
HOBART,2007,9,70254,66678,136932,0,0,0,70254,66678,136932
KARRATHA,2007,9,14934,15353,30287,0,0,0,14934,15353,30287
LAUNCESTON,2007,9,42901,40772,83673,0,0,0,42901,40772,83673
MACKAY,2007,9,33806,34309,68115,0,0,0,33806,34309,68115
MELBOURNE,2007,9,758147,770366,1528513,187800,191970,379770,945947,962336,1908283
PERTH,2007,9,256285,260255,516540,102537,97623,200160,358822,357878,716700
ROCKHAMPTON,2007,9,28727,28734,57461,0,0,0,28727,28734,57461
SUNSHINE COAST,2007,9,35432,34693,70125,0,0,0,35432,34693,70125
SYDNEY,2007,9,902820,897645,1800465,418230,428780,847010,1321050,1326425,2647475
TOWNSVILLE,2007,9,57165,57885,115050,0,0,0,57165,57885,115050
NEWCASTLE,2007,9,43484,43409,86893,0,0,0,43484,43409,86893
ADELAIDE,2007,10,274162,270589,544751,22764,16099,38863,296926,286688,583614
ALICE SPRINGS,2007,10,29239,29335,58574,0,0,0,29239,29335,58574
All Australian Airports,2007,10,4257419,4257419,8514838,1085834,895869,1981703,5343253,5153288,10496541
BALLINA,2007,10,13677,14178,27855,0,0,0,13677,14178,27855
BRISBANE,2007,10,649094,650621,1299715,181037,160564,341601,830131,811185,1641316
CAIRNS,2007,10,144025,145052,289077,32098,29828,61926,176123,174880,351003
CANBERRA,2007,10,123556,119731,243287,0,0,0,123556,119731,243287
DARWIN,2007,10,56541,60186,116727,7989,6389,14378,64530,66575,131105
GOLD COAST,2007,10,173982,174415,348397,7915,8658,16573,181897,183073,364970
HAMILTON ISLAND,2007,10,24053,24769,48822,0,0,0,24053,24769,48822
HOBART,2007,10,71647,72259,143906,0,0,0,71647,72259,143906
KARRATHA,2007,10,16537,16119,32656,0,0,0,16537,16119,32656
LAUNCESTON,2007,10,43924,43584,87508,0,0,0,43924,43584,87508
MACKAY,2007,10,35582,35109,70691,0,0,0,35582,35109,70691
MELBOURNE,2007,10,828393,814414,1642807,217864,173005,390869,1046257,987419,2033676
PERTH,2007,10,285792,288483,574275,122294,91943,214237,408086,380426,788512
ROCKHAMPTON,2007,10,30209,29337,59546,0,0,0,30209,29337,59546
SUNSHINE COAST,2007,10,42203,42447,84650,0,0,0,42203,42447,84650
SYDNEY,2007,10,975244,986566,1961810,493139,408634,901773,1468383,1395200,2863583
TOWNSVILLE,2007,10,59770,60228,119998,0,0,0,59770,60228,119998
NEWCASTLE,2007,10,47252,46777,94029,0,0,0,47252,46777,94029
ADELAIDE,2007,11,255705,256161,511866,20060,18046,38106,275765,274207,549972
ALICE SPRINGS,2007,11,24011,25224,49235,0,0,0,24011,25224,49235
All Australian Airports,2007,11,4070303,4070303,8140606,950742,952034,1902776,5021045,5022337,10043382
BALLINA,2007,11,13628,14010,27638,0,0,0,13628,14010,27638
BRISBANE,2007,11,603788,604361,1208149,157226,161692,318918,761014,766053,1527067
CAIRNS,2007,11,128781,130751,259532,30043,29487,59530,158824,160238,319062
CANBERRA,2007,11,121268,120605,241873,0,0,0,121268,120605,241873
DARWIN,2007,11,49280,50394,99674,5480,5716,11196,54760,56110,110870
GOLD COAST,2007,11,164695,165832,330527,9607,9760,19367,174302,175592,349894
HAMILTON ISLAND,2007,11,22040,22172,44212,0,0,0,22040,22172,44212
HOBART,2007,11,74359,73884,148243,0,0,0,74359,73884,148243
KARRATHA,2007,11,16264,16395,32659,0,0,0,16264,16395,32659
LAUNCESTON,2007,11,46963,46338,93301,0,0,0,46963,46338,93301
MACKAY,2007,11,33966,34081,68047,0,0,0,33966,34081,68047
MELBOURNE,2007,11,814988,810240,1625228,194774,195578,390352,1009762,1005818,2015580
PERTH,2007,11,267972,269282,537254,101676,93373,195049,369648,362655,732303
ROCKHAMPTON,2007,11,28758,29446,58204,0,0,0,28758,29446,58204
SUNSHINE COAST,2007,11,38367,39499,77866,0,0,0,38367,39499,77866
SYDNEY,2007,11,947058,939317,1886375,431052,437608,868660,1378110,1376925,2755035
TOWNSVILLE,2007,11,54943,55655,110598,0,0,0,54943,55655,110598
NEWCASTLE,2007,11,45396,45134,90530,0,0,0,45396,45134,90530
ADELAIDE,2007,12,251898,254717,506615,20782,24156,44938,272680,278873,551553
ALICE SPRINGS,2007,12,21739,24479,46218,0,0,0,21739,24479,46218
All Australian Airports,2007,12,4053151,4053151,8106302,1009543,1145630,2155173,5062694,5198781,10261475
BALLINA,2007,12,14994,14375,29369,0,0,0,14994,14375,29369
BRISBANE,2007,12,622177,609311,1231488,170259,191223,361482,792436,800534,1592970
CAIRNS,2007,12,123626,120637,244263,27776,27050,54826,151402,147687,299089
CANBERRA,2007,12,104280,109403,213683,0,0,0,104280,109403,213683
DARWIN,2007,12,50793,58463,109256,6344,10152,16496,57137,68615,125752
GOLD COAST,2007,12,176228,173168,349396,11860,14485,26345,188088,187653,375741
HAMILTON ISLAND,2007,12,20736,19989,40725,0,0,0,20736,19989,40725
HOBART,2007,12,79900,74360,154260,0,0,0,79900,74360,154260
KARRATHA,2007,12,12207,16626,28833,0,0,0,12207,16626,28833
LAUNCESTON,2007,12,54517,50551,105068,0,0,0,54517,50551,105068
MACKAY,2007,12,35243,36057,71300,0,0,0,35243,36057,71300
MELBOURNE,2007,12,805261,826024,1631285,197752,227813,425565,1003013,1053837,2056850
PERTH,2007,12,277894,274396,552290,113436,127961,241397,391330,402357,793687
ROCKHAMPTON,2007,12,29155,29169,58324,0,0,0,29155,29169,58324
SUNSHINE COAST,2007,12,41707,40284,81991,0,0,0,41707,40284,81991
SYDNEY,2007,12,938335,918679,1857014,460496,521864,982360,1398831,1440543,2839374
TOWNSVILLE,2007,12,55984,58108,114092,0,0,0,55984,58108,114092
NEWCASTLE,2007,12,43554,42513,86067,0,0,0,43554,42513,86067
ADELAIDE,2008,1,259131,259113,518244,25056,20073,45129,284187,279186,563373
ALICE SPRINGS,2008,1,22878,21309,44187,0,0,0,22878,21309,44187
All Australian Airports,2008,1,4044248,4044248,8088496,1187381,1019944,2207325,5231629,5064192,10295821
BALLINA,2008,1,13962,14921,28883,0,0,0,13962,14921,28883
BRISBANE,2008,1,592205,603755,1195960,195038,164046,359084,787243,767801,1555044
CAIRNS,2008,1,119673,125682,245355,27273,27304,54577,146946,152986,299932
CANBERRA,2008,1,96633,90791,187424,0,0,0,96633,90791,187424
DARWIN,2008,1,56039,49192,105231,9631,7481,17112,65670,56673,122343
GOLD COAST,2008,1,187923,191933,379856,14999,13704,28703,202922,205637,408559
HAMILTON ISLAND,2008,1,19460,22374,41834,0,0,0,19460,22374,41834
HOBART,2008,1,82554,89618,172172,0,0,0,82554,89618,172172
KARRATHA,2008,1,17055,13148,30203,0,0,0,17055,13148,30203
LAUNCESTON,2008,1,52374,56554,108928,0,0,0,52374,56554,108928
MACKAY,2008,1,35252,34864,70116,0,0,0,35252,34864,70116
MELBOURNE,2008,1,848447,822829,1671276,233816,199579,433395,1082263,1022408,2104671
PERTH,2008,1,273258,281233,554491,132455,108628,241083,405713,389861,795574
ROCKHAMPTON,2008,1,26811,26706,53517,0,0,0,26811,26706,53517
SUNSHINE COAST,2008,1,42301,44826,87127,0,0,0,42301,44826,87127
SYDNEY,2008,1,906628,910069,1816697,548467,478227,1026694,1455095,1388296,2843391
TOWNSVILLE,2008,1,53300,51206,104506,0,0,0,53300,51206,104506
NEWCASTLE,2008,1,45403,46196,91599,0,0,0,45403,46196,91599
ADELAIDE,2008,2,248622,246113,494735,21507,15549,37056,270129,261662,531791
ALICE SPRINGS,2008,2,21737,21676,43413,0,0,0,21737,21676,43413
All Australian Airports,2008,2,3835280,3835280,7670560,1018866,864662,1883528,4854146,4699942,9554088
BALLINA,2008,2,12583,12960,25543,0,0,0,12583,12960,25543
BRISBANE,2008,2,530722,532512,1063234,160434,143781,304215,691156,676293,1367449
CAIRNS,2008,2,107846,111227,219073,27046,23068,50114,134892,134295,269187
CANBERRA,2008,2,116050,114119,230169,0,0,0,116050,114119,230169
DARWIN,2008,2,44558,45531,90089,7371,5540,12911,51929,51071,103000
GOLD COAST,2008,2,172039,172211,344250,10812,10019,20831,182851,182230,365081
HAMILTON ISLAND,2008,2,15261,15231,30492,0,0,0,15261,15231,30492
HOBART,2008,2,79125,76244,155369,0,0,0,79125,76244,155369
KARRATHA,2008,2,15658,15256,30914,0,0,0,15658,15256,30914
LAUNCESTON,2008,2,51033,48639,99672,0,0,0,51033,48639,99672
MACKAY,2008,2,30644,30994,61638,0,0,0,30644,30994,61638
MELBOURNE,2008,2,804566,793116,1597682,204958,169355,374313,1009524,962471,1971995
PERTH,2008,2,247955,254730,502685,110164,85160,195324,358119,339890,698009
ROCKHAMPTON,2008,2,25944,25724,51668,0,0,0,25944,25724,51668
SUNSHINE COAST,2008,2,34996,34450,69446,0,0,0,34996,34450,69446
SYDNEY,2008,2,895723,902132,1797855,475823,411452,887275,1371546,1313584,2685130
TOWNSVILLE,2008,2,49147,50193,99340,0,0,0,49147,50193,99340
NEWCASTLE,2008,2,43386,43637,87023,0,0,0,43386,43637,87023
ADELAIDE,2008,3,272955,275896,548851,21218,19282,40500,294173,295178,589351
ALICE SPRINGS,2008,3,26427,26055,52482,0,0,0,26427,26055,52482
All Australian Airports,2008,3,4233548,4233548,8467096,977974,990109,1968083,5211522,5223657,10435179
BALLINA,2008,3,13888,13942,27830,0,0,0,13888,13942,27830
BRISBANE,2008,3,595855,594437,1190292,161086,160637,321723,756941,755074,1512015
CAIRNS,2008,3,121225,121503,242728,27253,26655,53908,148478,148158,296636
CANBERRA,2008,3,128087,128062,256149,0,0,0,128087,128062,256149
DARWIN,2008,3,53648,53006,106654,6686,6378,13064,60334,59384,119718
GOLD COAST,2008,3,189370,188743,378113,11725,10663,22388,201095,199406,400501
HAMILTON ISLAND,2008,3,19277,18868,38145,0,0,0,19277,18868,38145
HOBART,2008,3,82340,85142,167482,0,0,0,82340,85142,167482
KARRATHA,2008,3,16835,16644,33479,0,0,0,16835,16644,33479
LAUNCESTON,2008,3,52903,53906,106809,0,0,0,52903,53906,106809
MACKAY,2008,3,36729,36182,72911,0,0,0,36729,36182,72911
MELBOURNE,2008,3,865100,883525,1748625,201409,205233,406642,1066509,1088758,2155267
PERTH,2008,3,280666,274207,554873,104167,102936,207103,384833,377143,761976
ROCKHAMPTON,2008,3,30222,29579,59801,0,0,0,30222,29579,59801
SUNSHINE COAST,2008,3,42952,41317,84269,0,0,0,42952,41317,84269
SYDNEY,2008,3,979421,970095,1949516,443531,457485,901016,1422952,1427580,2850532
TOWNSVILLE,2008,3,56699,55670,112369,0,0,0,56699,55670,112369
NEWCASTLE,2008,3,45764,45383,91147,0,0,0,45764,45383,91147
ADELAIDE,2008,4,263529,269583,533112,19019,21367,40386,282548,290950,573498
ALICE SPRINGS,2008,4,25551,26036,51587,0,0,0,25551,26036,51587
All Australian Airports,2008,4,4063065,4063065,8126130,909650,937104,1846754,4972715,5000169,9972884
BALLINA,2008,4,12564,12859,25423,0,0,0,12564,12859,25423
BRISBANE,2008,4,583018,585281,1168299,152773,153127,305900,735791,738408,1474199
CAIRNS,2008,4,119711,118512,238223,21768,23184,44952,141479,141696,283175
CANBERRA,2008,4,126119,126993,253112,0,0,0,126119,126993,253112
DARWIN,2008,4,56679,54760,111439,6612,6826,13438,63291,61586,124877
GOLD COAST,2008,4,161945,164870,326815,12113,10886,22999,174058,175756,349814
HAMILTON ISLAND,2008,4,17774,18171,35945,0,0,0,17774,18171,35945
HOBART,2008,4,72754,75363,148117,0,0,0,72754,75363,148117
KARRATHA,2008,4,18150,18180,36330,0,0,0,18150,18180,36330
LAUNCESTON,2008,4,46952,47335,94287,0,0,0,46952,47335,94287
MACKAY,2008,4,36262,36402,72664,0,0,0,36262,36402,72664
MELBOURNE,2008,4,822051,806803,1628854,191257,185830,377087,1013308,992633,2005941
PERTH,2008,4,282404,285759,568163,96530,105857,202387,378934,391616,770550
ROCKHAMPTON,2008,4,29768,29009,58777,0,0,0,29768,29009,58777
SUNSHINE COAST,2008,4,37940,38041,75981,0,0,0,37940,38041,75981
SYDNEY,2008,4,924525,923029,1847554,408788,429247,838035,1333313,1352276,2685589
TOWNSVILLE,2008,4,57457,57522,114979,0,0,0,57457,57522,114979
NEWCASTLE,2008,4,44035,43976,88011,0,0,0,44035,43976,88011
ADELAIDE,2008,5,250437,253129,503566,17470,19098,36568,267907,272227,540134
ALICE SPRINGS,2008,5,24968,26092,51060,0,0,0,24968,26092,51060
All Australian Airports,2008,5,3986696,3986696,7973392,837552,908433,1745985,4824248,4895129,9719377
BALLINA,2008,5,12418,12362,24780,0,0,0,12418,12362,24780
BRISBANE,2008,5,573008,571259,1144267,151828,154565,306393,724836,725824,1450660
CAIRNS,2008,5,123664,121531,245195,22058,22571,44629,145722,144102,289824
CANBERRA,2008,5,128090,129576,257666,0,0,0,128090,129576,257666
DARWIN,2008,5,62707,60376,123083,6588,7263,13851,69295,67639,136934
GOLD COAST,2008,5,170327,169308,339635,12431,11993,24424,182758,181301,364059
HAMILTON ISLAND,2008,5,14992,15615,30607,0,0,0,14992,15615,30607
HOBART,2008,5,69001,73578,142579,0,0,0,69001,73578,142579
KARRATHA,2008,5,17924,18462,36386,0,0,0,17924,18462,36386
LAUNCESTON,2008,5,42438,44572,87010,0,0,0,42438,44572,87010
MACKAY,2008,5,36976,37013,73989,0,0,0,36976,37013,73989
MELBOURNE,2008,5,792439,791126,1583565,166679,188468,355147,959118,979594,1938712
PERTH,2008,5,268050,271377,539427,84799,95206,180005,352849,366583,719432
ROCKHAMPTON,2008,5,29450,29008,58458,0,0,0,29450,29008,58458
SUNSHINE COAST,2008,5,38638,38227,76865,0,0,0,38638,38227,76865
SYDNEY,2008,5,910979,898618,1809597,375114,408669,783783,1286093,1307287,2593380
TOWNSVILLE,2008,5,58836,58264,117100,0,0,0,58836,58264,117100
NEWCASTLE,2008,5,44419,43955,88374,0,0,0,44419,43955,88374
ADELAIDE,2008,6,236745,236649,473394,17653,17991,35644,254398,254640,509038
ALICE SPRINGS,2008,6,26771,26191,52962,0,0,0,26771,26191,52962
All Australian Airports,2008,6,3877865,3877865,7755730,869243,948728,1817971,4747108,4826593,9573701
BALLINA,2008,6,11691,11298,22989,0,0,0,11691,11298,22989
BRISBANE,2008,6,563675,568988,1132663,158862,168991,327853,722537,737979,1460516
CAIRNS,2008,6,135208,128860,264068,21931,21696,43627,157139,150556,307695
CANBERRA,2008,6,124514,122471,246985,0,0,0,124514,122471,246985
DARWIN,2008,6,68335,65067,133402,7624,9407,17031,75959,74474,150433
GOLD COAST,2008,6,163229,161766,324995,12092,11993,24085,175321,173759,349080
HAMILTON ISLAND,2008,6,14714,13660,28374,0,0,0,14714,13660,28374
HOBART,2008,6,69546,66193,135739,0,0,0,69546,66193,135739
KARRATHA,2008,6,18115,18155,36270,0,0,0,18115,18155,36270
LAUNCESTON,2008,6,43251,41091,84342,0,0,0,43251,41091,84342
MACKAY,2008,6,36714,36447,73161,0,0,0,36714,36447,73161
MELBOURNE,2008,6,756139,785495,1541634,178213,199813,378026,934352,985308,1919660
PERTH,2008,6,262804,256716,519520,92915,102743,195658,355719,359459,715178
ROCKHAMPTON,2008,6,29261,28768,58029,0,0,0,29261,28768,58029
SUNSHINE COAST,2008,6,37893,36925,74818,0,0,0,37893,36925,74818
SYDNEY,2008,6,863582,860229,1723811,379389,415481,794870,1242971,1275710,2518681
TOWNSVILLE,2008,6,58786,59773,118559,0,0,0,58786,59773,118559
NEWCASTLE,2008,6,46656,45395,92051,0,0,0,46656,45395,92051
ADELAIDE,2008,7,267588,270667,538255,22705,19301,42006,290293,289968,580261
ALICE SPRINGS,2008,7,33118,34447,67565,0,0,0,33118,34447,67565
All Australian Airports,2008,7,4334177,4334177,8668354,1147127,980606,2127733,5481304,5314783,10796087
BALLINA,2008,7,12765,12695,25460,0,0,0,12765,12695,25460
BRISBANE,2008,7,644222,634201,1278423,202987,171158,374145,847209,805359,1652568
CAIRNS,2008,7,154430,154544,308974,26328,23019,49347,180758,177563,358321
CANBERRA,2008,7,129031,128425,257456,0,0,0,129031,128425,257456
DARWIN,2008,7,76454,77715,154169,11910,9344,21254,88364,87059,175423
GOLD COAST,2008,7,184991,184190,369181,15357,14199,29556,200348,198389,398737
HAMILTON ISLAND,2008,7,18332,19211,37543,0,0,0,18332,19211,37543
HOBART,2008,7,66808,69005,135813,0,0,0,66808,69005,135813
KARRATHA,2008,7,20829,21285,42114,0,0,0,20829,21285,42114
LAUNCESTON,2008,7,40336,41295,81631,0,0,0,40336,41295,81631
MACKAY,2008,7,39450,39701,79151,0,0,0,39450,39701,79151
MELBOURNE,2008,7,854051,827941,1681992,220372,184151,404523,1074423,1012092,2086515
PERTH,2008,7,291354,300383,591737,123325,100960,224285,414679,401343,816022
ROCKHAMPTON,2008,7,30572,30501,61073,0,0,0,30572,30501,61073
SUNSHINE COAST,2008,7,43532,43208,86740,0,0,0,43532,43208,86740
SYDNEY,2008,7,967956,987362,1955318,523633,457958,981591,1491589,1445320,2936909
TOWNSVILLE,2008,7,66567,65491,132058,0,0,0,66567,65491,132058
NEWCASTLE,2008,7,51005,51073,102078,0,0,0,51005,51073,102078
ADELAIDE,2008,8,263204,265323,528527,20289,19088,39377,283493,284411,567904
ALICE SPRINGS,2008,8,30189,31694,61883,0,0,0,30189,31694,61883
All Australian Airports,2008,8,4168798,4168798,8337596,944922,980102,1925024,5113720,5148900,10262620
BALLINA,2008,8,12323,12134,24457,0,0,0,12323,12134,24457
BRISBANE,2008,8,616499,615182,1231681,170672,184812,355484,787171,799994,1587165
CAIRNS,2008,8,148631,150384,299015,28985,31144,60129,177616,181528,359144
CANBERRA,2008,8,129650,129179,258829,0,0,0,129650,129179,258829
DARWIN,2008,8,69908,72681,142589,8349,8808,17157,78257,81489,159746
GOLD COAST,2008,8,172221,172941,345162,13320,13258,26578,185541,186199,371740
HAMILTON ISLAND,2008,8,17420,17276,34696,0,0,0,17420,17276,34696
HOBART,2008,8,68373,70599,138972,0,0,0,68373,70599,138972
KARRATHA,2008,8,19238,19737,38975,0,0,0,19238,19737,38975
LAUNCESTON,2008,8,43078,43398,86476,0,0,0,43078,43398,86476
MACKAY,2008,8,39977,40067,80044,0,0,0,39977,40067,80044
MELBOURNE,2008,8,815624,816699,1632323,186810,188092,374902,1002434,1004791,2007225
PERTH,2008,8,277328,274111,551439,101784,98531,200315,379112,372642,751754
ROCKHAMPTON,2008,8,31050,31247,62297,0,0,0,31050,31247,62297
SUNSHINE COAST,2008,8,37753,37227,74980,0,0,0,37753,37227,74980
SYDNEY,2008,8,934693,923241,1857934,414252,435894,850146,1348945,1359135,2708080
TOWNSVILLE,2008,8,61954,62011,123965,0,0,0,61954,62011,123965
NEWCASTLE,2008,8,49214,48617,97831,0,0,0,49214,48617,97831
ADELAIDE,2008,9,256020,257855,513875,20161,19772,39933,276181,277627,553808
ALICE SPRINGS,2008,9,29717,29310,59027,0,0,0,29717,29310,59027
All Australian Airports,2008,9,4161343,4161343,8322686,933138,938860,1871998,5094481,5100203,10194684
BALLINA,2008,9,12984,12552,25536,0,0,0,12984,12552,25536
BRISBANE,2008,9,635652,626785,1262437,168024,172677,340701,803676,799462,1603138
CAIRNS,2008,9,143994,136825,280819,24527,26023,50550,168521,162848,331369
CANBERRA,2008,9,128945,130815,259760,0,0,0,128945,130815,259760
DARWIN,2008,9,62577,62661,125238,8733,8474,17207,71310,71135,142445
GOLD COAST,2008,9,172240,167446,339686,14060,13564,27624,186300,181010,367310
HAMILTON ISLAND,2008,9,21640,20052,41692,0,0,0,21640,20052,41692
HOBART,2008,9,75474,71859,147333,0,0,0,75474,71859,147333
KARRATHA,2008,9,19273,20046,39319,0,0,0,19273,20046,39319
LAUNCESTON,2008,9,46233,42807,89040,0,0,0,46233,42807,89040
MACKAY,2008,9,42011,41353,83364,0,0,0,42011,41353,83364
MELBOURNE,2008,9,816503,832370,1648873,192424,189709,382133,1008927,1022079,2031006
PERTH,2008,9,279946,279988,559934,104803,102062,206865,384749,382050,766799
ROCKHAMPTON,2008,9,31160,30970,62130,0,0,0,31160,30970,62130
SUNSHINE COAST,2008,9,37607,37125,74732,0,0,0,37607,37125,74732
SYDNEY,2008,9,914888,927790,1842678,399830,406094,805924,1314718,1333884,2648602
TOWNSVILLE,2008,9,63045,62160,125205,0,0,0,63045,62160,125205
NEWCASTLE,2008,9,49385,49292,98677,0,0,0,49385,49292,98677
ADELAIDE,2008,10,285523,281317,566840,24131,17330,41461,309654,298647,608301
ALICE SPRINGS,2008,10,29297,30837,60134,0,0,0,29297,30837,60134
All Australian Airports,2008,10,4498198,4498198,8996396,1104613,904177,2008790,5602811,5402375,11005186
BALLINA,2008,10,14301,14195,28496,0,0,0,14301,14195,28496
BRISBANE,2008,10,689184,690787,1379971,185838,162537,348375,875022,853324,1728346
CAIRNS,2008,10,146699,150828,297527,28320,24734,53054,175019,175562,350581
CANBERRA,2008,10,138389,136763,275152,0,0,0,138389,136763,275152
DARWIN,2008,10,57756,63184,120940,10344,8187,18531,68100,71371,139471
GOLD COAST,2008,10,175844,177533,353377,18505,16423,34928,194349,193956,388305
HAMILTON ISLAND,2008,10,23567,24518,48085,0,0,0,23567,24518,48085
HOBART,2008,10,77153,78819,155972,0,0,0,77153,78819,155972
KARRATHA,2008,10,21410,21822,43232,0,0,0,21410,21822,43232
LAUNCESTON,2008,10,47255,47441,94696,0,0,0,47255,47441,94696
MACKAY,2008,10,43666,44336,88002,0,0,0,43666,44336,88002
MELBOURNE,2008,10,896828,875920,1772748,222911,180151,403062,1119739,1056071,2175810
PERTH,2008,10,309029,307695,616724,129204,96292,225496,438233,403987,842220
ROCKHAMPTON,2008,10,31762,32267,64029,0,0,0,31762,32267,64029
SUNSHINE COAST,2008,10,41070,41884,82954,0,0,0,41070,41884,82954
SYDNEY,2008,10,1009860,1016649,2026509,484575,397692,882267,1494435,1414341,2908776
TOWNSVILLE,2008,10,64279,63513,127792,0,0,0,64279,63513,127792
NEWCASTLE,2008,10,54758,53735,108493,0,0,0,54758,53735,108493
ADELAIDE,2008,11,262677,262175,524852,20339,18220,38559,283016,280395,563411
ALICE SPRINGS,2008,11,27489,27839,55328,0,0,0,27489,27839,55328
All Australian Airports,2008,11,4138604,4138604,8277208,942575,947361,1889936,5081179,5085965,10167144
BALLINA,2008,11,14687,14880,29567,0,0,0,14687,14880,29567
BRISBANE,2008,11,609732,610703,1220435,156695,166190,322885,766427,776893,1543320
CAIRNS,2008,11,128202,129691,257893,24266,24527,48793,152468,154218,306686
CANBERRA,2008,11,132051,127808,259859,0,0,0,132051,127808,259859
DARWIN,2008,11,49382,51219,100601,5820,5246,11066,55202,56465,111667
GOLD COAST,2008,11,167421,171418,338839,16681,16336,33017,184102,187754,371856
HAMILTON ISLAND,2008,11,19515,20298,39813,0,0,0,19515,20298,39813
HOBART,2008,11,79286,79833,159119,0,0,0,79286,79833,159119
KARRATHA,2008,11,20191,20048,40239,0,0,0,20191,20048,40239
LAUNCESTON,2008,11,46935,46991,93926,0,0,0,46935,46991,93926
MACKAY,2008,11,40697,40176,80873,0,0,0,40697,40176,80873
MELBOURNE,2008,11,833876,832249,1666125,195450,199696,395146,1029326,1031945,2061271
PERTH,2008,11,280984,283844,564828,104018,98251,202269,385002,382095,767097
ROCKHAMPTON,2008,11,29194,30460,59654,0,0,0,29194,30460,59654
SUNSHINE COAST,2008,11,40572,41305,81877,0,0,0,40572,41305,81877
SYDNEY,2008,11,933541,925255,1858796,418604,418200,836804,1352145,1343455,2695600
TOWNSVILLE,2008,11,57619,57549,115168,0,0,0,57619,57549,115168
NEWCASTLE,2008,11,51374,50054,101428,0,0,0,51374,50054,101428
ADELAIDE,2008,12,260627,265491,526118,19827,23233,43060,280454,288724,569178
ALICE SPRINGS,2008,12,24208,27044,51252,0,0,0,24208,27044,51252
All Australian Airports,2008,12,4159061,4159061,8318122,1013369,1165534,2178903,5172430,5324595,10497025
BALLINA,2008,12,15329,14762,30091,0,0,0,15329,14762,30091
BRISBANE,2008,12,648104,631771,1279875,171105,197927,369032,819209,829698,1648907
CAIRNS,2008,12,129256,125045,254301,20631,21150,41781,149887,146195,296082
CANBERRA,2008,12,117031,123896,240927,0,0,0,117031,123896,240927
DARWIN,2008,12,45280,50601,95881,5677,9538,15215,50957,60139,111096
GOLD COAST,2008,12,173175,170268,343443,20801,23210,44011,193976,193478,387454
HAMILTON ISLAND,2008,12,19144,18117,37261,0,0,0,19144,18117,37261
HOBART,2008,12,89517,82686,172203,0,0,0,89517,82686,172203
KARRATHA,2008,12,16113,21398,37511,0,0,0,16113,21398,37511
LAUNCESTON,2008,12,52334,48336,100670,0,0,0,52334,48336,100670
MACKAY,2008,12,41246,42237,83483,0,0,0,41246,42237,83483
MELBOURNE,2008,12,825195,836494,1661689,205898,242270,448168,1031093,1078764,2109857
PERTH,2008,12,293070,288289,581359,115682,136550,252232,408752,424839,833591
ROCKHAMPTON,2008,12,29907,30551,60458,0,0,0,29907,30551,60458
SUNSHINE COAST,2008,12,40855,39879,80734,0,0,0,40855,39879,80734
SYDNEY,2008,12,933356,928606,1861962,453228,511267,964495,1386584,1439873,2826457
TOWNSVILLE,2008,12,59348,61366,120714,0,0,0,59348,61366,120714
NEWCASTLE,2008,12,51600,48971,100571,0,0,0,51600,48971,100571
ADELAIDE,2009,1,259510,258122,517632,25145,19968,45113,284655,278090,562745
ALICE SPRINGS,2009,1,26767,25273,52040,0,0,0,26767,25273,52040
All Australian Airports,2009,1,4158230,4158230,8316460,1223646,1025778,2249424,5381876,5184008,10565884
BALLINA,2009,1,15908,17145,33053,0,0,0,15908,17145,33053
BRISBANE,2009,1,626445,632882,1259327,205011,172799,377810,831456,805681,1637137
CAIRNS,2009,1,130359,138023,268382,18537,16984,35521,148896,155007,303903
CANBERRA,2009,1,108207,101081,209288,0,0,0,108207,101081,209288
DARWIN,2009,1,48063,43362,91425,10356,6373,16729,58419,49735,108154
GOLD COAST,2009,1,195206,199577,394783,27096,24424,51520,222302,224001,446303
HOBART,2009,1,88551,96258,184809,0,0,0,88551,96258,184809
KARRATHA,2009,1,19832,15380,35212,0,0,0,19832,15380,35212
LAUNCESTON,2009,1,53276,56926,110202,0,0,0,53276,56926,110202
MACKAY,2009,1,39935,39772,79707,0,0,0,39935,39772,79707
MELBOURNE,2009,1,856085,833050,1689135,252477,212009,464486,1108562,1045059,2153621
NEWCASTLE,2009,1,51819,51575,103394,0,0,0,51819,51575,103394
PERTH,2009,1,284420,288108,572528,145541,115339,260880,429961,403447,833408
PROSERPINE,2009,1,9759,10028,19787,0,0,0,9759,10028,19787
ROCKHAMPTON,2009,1,27838,27816,55654,0,0,0,27838,27816,55654
SUNSHINE COAST,2009,1,45697,47665,93362,0,0,0,45697,47665,93362
SYDNEY,2009,1,917544,929969,1847513,539079,457378,996457,1456623,1387347,2843970
TOWNSVILLE,2009,1,54834,51765,106599,0,0,0,54834,51765,106599
ADELAIDE,2009,2,234778,232142,466920,21389,14795,36184,256167,246937,503104
ALICE SPRINGS,2009,2,22670,22670,45340,0,0,0,22670,22670,45340
All Australian Airports,2009,2,3619150,3619150,7238300,969607,823540,1793147,4588757,4442690,9031447
BALLINA,2009,2,14005,14383,28388,0,0,0,14005,14383,28388
BRISBANE,2009,2,520093,519172,1039265,156061,144635,300696,676154,663807,1339961
CAIRNS,2009,2,102988,106588,209576,15352,14234,29586,118340,120822,239162
CANBERRA,2009,2,116663,113554,230217,0,0,0,116663,113554,230217
DARWIN,2009,2,36513,38153,74666,6589,4231,10820,43102,42384,85486
GOLD COAST,2009,2,154912,155895,310807,22327,20925,43252,177239,176820,354059
HOBART,2009,2,80226,77967,158193,0,0,0,80226,77967,158193
KARRATHA,2009,2,18104,18605,36709,0,0,0,18104,18605,36709
LAUNCESTON,2009,2,47357,45645,93002,0,0,0,47357,45645,93002
MACKAY,2009,2,34093,33861,67954,0,0,0,34093,33861,67954
MELBOURNE,2009,2,746205,739743,1485948,210713,168227,378940,956918,907970,1864888
NEWCASTLE,2009,2,43177,42024,85201,0,0,0,43177,42024,85201
PERTH,2009,2,240828,246457,487285,108734,82162,190896,349562,328619,678181
PROSERPINE,2009,2,8023,8035,16058,0,0,0,8023,8035,16058
ROCKHAMPTON,2009,2,26096,26052,52148,0,0,0,26096,26052,52148
SUNSHINE COAST,2009,2,31655,31563,63218,0,0,0,31655,31563,63218
SYDNEY,2009,2,834495,839110,1673605,428010,373914,801924,1262505,1213024,2475529
TOWNSVILLE,2009,2,46833,47178,94011,0,0,0,46833,47178,94011
ADELAIDE,2009,3,280441,284820,565261,19466,18154,37620,299907,302974,602881
ALICE SPRINGS,2009,3,28023,27662,55685,0,0,0,28023,27662,55685
All Australian Airports,2009,3,4159504,4159504,8319008,937697,933843,1871540,5097201,5093347,10190548
BALLINA,2009,3,15057,15227,30284,0,0,0,15057,15227,30284
BRISBANE,2009,3,594507,593558,1188065,156115,158487,314602,750622,752045,1502667
CAIRNS,2009,3,118938,118160,237098,18198,17539,35737,137136,135699,272835
CANBERRA,2009,3,140251,140587,280838,0,0,0,140251,140587,280838
DARWIN,2009,3,44423,43605,88028,5113,5276,10389,49536,48881,98417
GOLD COAST,2009,3,176763,175727,352490,24079,23976,48055,200842,199703,400545
HOBART,2009,3,85655,88241,173896,0,0,0,85655,88241,173896
KARRATHA,2009,3,21324,19676,41000,0,0,0,21324,19676,41000
LAUNCESTON,2009,3,52117,53080,105197,0,0,0,52117,53080,105197
MACKAY,2009,3,38335,37378,75713,0,0,0,38335,37378,75713
MELBOURNE,2009,3,845636,852062,1697698,202276,196643,398919,1047912,1048705,2096617
NEWCASTLE,2009,3,49738,48281,98019,0,0,0,49738,48281,98019
PERTH,2009,3,290377,290272,580649,101113,102056,203169,391490,392328,783818
PROSERPINE,2009,3,9231,9060,18291,0,0,0,9231,9060,18291
ROCKHAMPTON,2009,3,30613,30615,61228,0,0,0,30613,30615,61228
SUNSHINE COAST,2009,3,35955,35832,71787,0,0,0,35955,35832,71787
SYDNEY,2009,3,939082,935750,1874832,410673,411020,821693,1349755,1346770,2696525
TOWNSVILLE,2009,3,56789,56637,113426,0,0,0,56789,56637,113426
ADELAIDE,2009,4,274359,281163,555522,20087,21353,41440,294446,302516,596962
ALICE SPRINGS,2009,4,28475,28641,57116,0,0,0,28475,28641,57116
All Australian Airports,2009,4,4137771,4137771,8275542,971404,1004204,1975608,5109175,5141975,10251150
BALLINA,2009,4,14106,14505,28611,0,0,0,14106,14505,28611
BRISBANE,2009,4,608593,604520,1213113,161297,173044,334341,769890,777564,1547454
CAIRNS,2009,4,128098,127789,255887,16231,15879,32110,144329,143668,287997
CANBERRA,2009,4,131170,133295,264465,0,0,0,131170,133295,264465
DARWIN,2009,4,54008,53083,107091,7744,7085,14829,61752,60168,121920
GOLD COAST,2009,4,176219,177224,353443,23212,22039,45251,199431,199263,398694
HOBART,2009,4,80504,81802,162306,0,0,0,80504,81802,162306
KARRATHA,2009,4,21474,21891,43365,0,0,0,21474,21891,43365
LAUNCESTON,2009,4,48103,49058,97161,0,0,0,48103,49058,97161
MACKAY,2009,4,38347,38448,76795,0,0,0,38347,38448,76795
MELBOURNE,2009,4,829998,819781,1649779,204299,208083,412382,1034297,1027864,2062161
NEWCASTLE,2009,4,49517,48395,97912,0,0,0,49517,48395,97912
PERTH,2009,4,289319,288945,578264,108813,114652,223465,398132,403597,801729
PROSERPINE,2009,4,9051,8963,18014,0,0,0,9051,8963,18014
ROCKHAMPTON,2009,4,29947,30137,60084,0,0,0,29947,30137,60084
SUNSHINE COAST,2009,4,37483,37954,75437,0,0,0,37483,37954,75437
SYDNEY,2009,4,920109,921212,1841321,429137,441485,870622,1349246,1362697,2711943
TOWNSVILLE,2009,4,61354,60487,121841,0,0,0,61354,60487,121841
ADELAIDE,2009,5,258273,258930,517203,17085,19321,36406,275358,278251,553609
ALICE SPRINGS,2009,5,26898,27743,54641,0,0,0,26898,27743,54641
All Australian Airports,2009,5,3938304,3938304,7876608,842073,922435,1764508,4780377,4860739,9641116
BALLINA,2009,5,12974,13013,25987,0,0,0,12974,13013,25987
BRISBANE,2009,5,584999,579257,1164256,148025,155486,303511,733024,734743,1467767
CAIRNS,2009,5,120353,121254,241607,14333,15001,29334,134686,136255,270941
CANBERRA,2009,5,133275,133030,266305,0,0,0,133275,133030,266305
DARWIN,2009,5,59998,58394,118392,8422,8485,16907,68420,66879,135299
GOLD COAST,2009,5,165641,166003,331644,23809,25504,49313,189450,191507,380957
HOBART,2009,5,71580,76766,148346,0,0,0,71580,76766,148346
KARRATHA,2009,5,21794,22334,44128,0,0,0,21794,22334,44128
LAUNCESTON,2009,5,43724,46111,89835,0,0,0,43724,46111,89835
MACKAY,2009,5,38023,37882,75905,0,0,0,38023,37882,75905
MELBOURNE,2009,5,776173,775039,1551212,173774,197709,371483,949947,972748,1922695
NEWCASTLE,2009,5,47721,47047,94768,0,0,0,47721,47047,94768
PERTH,2009,5,273757,276679,550436,91788,105108,196896,365545,381787,747332
PROSERPINE,2009,5,8790,8663,17453,0,0,0,8790,8663,17453
ROCKHAMPTON,2009,5,32044,32158,64202,0,0,0,32044,32158,64202
SUNSHINE COAST,2009,5,34213,34168,68381,0,0,0,34213,34168,68381
SYDNEY,2009,5,863230,854928,1718158,364220,395190,759410,1227450,1250118,2477568
TOWNSVILLE,2009,5,64684,63709,128393,0,0,0,64684,63709,128393
ADELAIDE,2009,6,242263,242610,484873,17680,19449,37129,259943,262059,522002
ALICE SPRINGS,2009,6,27195,27009,54204,0,0,0,27195,27009,54204
All Australian Airports,2009,6,3791029,3791029,7582058,853975,975920,1829895,4645004,4766949,9411953
BALLINA,2009,6,12333,11927,24260,0,0,0,12333,11927,24260
BRISBANE,2009,6,569266,568461,1137727,151730,172408,324138,720996,740869,1461865
CAIRNS,2009,6,126032,121247,247279,14746,14498,29244,140778,135745,276523
CANBERRA,2009,6,129877,128886,258763,0,0,0,129877,128886,258763
DARWIN,2009,6,66180,65174,131354,8809,9617,18426,74989,74791,149780
GOLD COAST,2009,6,156077,153760,309837,20573,21830,42403,176650,175590,352240
HOBART,2009,6,67913,64387,132300,0,0,0,67913,64387,132300
KARRATHA,2009,6,22665,22113,44778,0,0,0,22665,22113,44778
LAUNCESTON,2009,6,43558,41178,84736,0,0,0,43558,41178,84736
MACKAY,2009,6,38043,37284,75327,0,0,0,38043,37284,75327
MELBOURNE,2009,6,721727,758140,1479867,178162,218630,396792,899889,976770,1876659
NEWCASTLE,2009,6,43145,41421,84566,0,0,0,43145,41421,84566
PERTH,2009,6,263657,260439,524096,98608,114593,213201,362265,375032,737297
PROSERPINE,2009,6,8879,8321,17200,0,0,0,8879,8321,17200
ROCKHAMPTON,2009,6,31158,30900,62058,0,0,0,31158,30900,62058
SUNSHINE COAST,2009,6,31734,30909,62643,0,0,0,31734,30909,62643
SYDNEY,2009,6,828894,819146,1648040,363355,404533,767888,1192249,1223679,2415928
TOWNSVILLE,2009,6,63939,62856,126795,0,0,0,63939,62856,126795
ADELAIDE,2009,7,269949,272217,542166,24152,21200,45352,294101,293417,587518
ALICE SPRINGS,2009,7,31492,32138,63630,0,0,0,31492,32138,63630
All Australian Airports,2009,7,4276480,4276480,8552960,1140351,999000,2139351,5416831,5275480,10692311
BALLINA,2009,7,13878,14196,28074,0,0,0,13878,14196,28074
BRISBANE,2009,7,645966,634920,1280886,199264,172957,372221,845230,807877,1653107
CAIRNS,2009,7,155297,153463,308760,17755,16377,34132,173052,169840,342892
CANBERRA,2009,7,135477,134669,270146,0,0,0,135477,134669,270146
DARWIN,2009,7,72086,73153,145239,11331,8167,19498,83417,81320,164737
GOLD COAST,2009,7,182386,181734,364120,25121,23157,48278,207507,204891,412398
HOBART,2009,7,69369,70328,139697,0,0,0,69369,70328,139697
KARRATHA,2009,7,23748,24514,48262,0,0,0,23748,24514,48262
LAUNCESTON,2009,7,43009,45005,88014,0,0,0,43009,45005,88014
MACKAY,2009,7,40206,40448,80654,0,0,0,40206,40448,80654
MELBOURNE,2009,7,837988,809609,1647597,240001,197523,437524,1077989,1007132,2085121
NEWCASTLE,2009,7,48327,48162,96489,0,0,0,48327,48162,96489
PERTH,2009,7,300210,303804,604014,128152,112281,240433,428362,416085,844447
PROSERPINE,2009,7,9449,9351,18800,0,0,0,9449,9351,18800
ROCKHAMPTON,2009,7,33870,34180,68050,0,0,0,33870,34180,68050
SUNSHINE COAST,2009,7,35748,34738,70486,0,0,0,35748,34738,70486
SYDNEY,2009,7,930385,960770,1891155,494278,447070,941348,1424663,1407840,2832503
TOWNSVILLE,2009,7,72573,70681,143254,0,0,0,72573,70681,143254
ADELAIDE,2009,8,269480,269355,538835,20859,19768,40627,290339,289123,579462
ALICE SPRINGS,2009,8,30179,31957,62136,0,0,0,30179,31957,62136
All Australian Airports,2009,8,4198264,4198264,8396528,994466,1005333,1999799,5192730,5203597,10396327
BALLINA,2009,8,10524,10682,21206,0,0,0,10524,10682,21206
BRISBANE,2009,8,612792,611221,1224013,169620,183377,352997,782412,794598,1577010
CAIRNS,2009,8,142390,147829,290219,18813,19954,38767,161203,167783,328986
CANBERRA,2009,8,140898,139037,279935,0,0,0,140898,139037,279935
DARWIN,2009,8,65829,68777,134606,9252,9866,19118,75081,78643,153724
GOLD COAST,2009,8,179302,176975,356277,27415,29116,56531,206717,206091,412808
HOBART,2009,8,72844,73169,146013,0,0,0,72844,73169,146013
KARRATHA,2009,8,23605,23680,47285,0,0,0,23605,23680,47285
LAUNCESTON,2009,8,44205,44814,89019,0,0,0,44205,44814,89019
MACKAY,2009,8,38246,37882,76128,0,0,0,38246,37882,76128
MELBOURNE,2009,8,823229,827693,1650922,203480,205689,409169,1026709,1033382,2060091
NEWCASTLE,2009,8,47565,46462,94027,0,0,0,47565,46462,94027
PERTH,2009,8,287863,285473,573336,110726,106906,217632,398589,392379,790968
PROSERPINE,2009,8,9981,9559,19540,0,0,0,9981,9559,19540
ROCKHAMPTON,2009,8,32895,33046,65941,0,0,0,32895,33046,65941
SUNSHINE COAST,2009,8,35999,35808,71807,0,0,0,35999,35808,71807
SYDNEY,2009,8,943864,938179,1882043,433893,430252,864145,1377757,1368431,2746188
TOWNSVILLE,2009,8,67166,66240,133406,0,0,0,67166,66240,133406
ADELAIDE,2009,9,264127,267734,531861,22039,22699,44738,286166,290433,576599
ALICE SPRINGS,2009,9,29800,30004,59804,0,0,0,29800,30004,59804
All Australian Airports,2009,9,4260649,4260649,8521298,1041573,1045194,2086767,5302222,5305843,10608065
BALLINA,2009,9,11389,10984,22373,0,0,0,11389,10984,22373
BRISBANE,2009,9,637070,631560,1268630,175337,183274,358611,812407,814834,1627241
CAIRNS,2009,9,141266,135231,276497,18699,18824,37523,159965,154055,314020
CANBERRA,2009,9,138413,140091,278504,0,0,0,138413,140091,278504
DARWIN,2009,9,62026,62687,124713,9437,8716,18153,71463,71403,142866
GOLD COAST,2009,9,188200,182860,371060,30521,31368,61889,218721,214228,432949
HOBART,2009,9,77671,73040,150711,0,0,0,77671,73040,150711
KARRATHA,2009,9,25126,25334,50460,0,0,0,25126,25334,50460
LAUNCESTON,2009,9,47148,44062,91210,0,0,0,47148,44062,91210
MACKAY,2009,9,39508,39616,79124,0,0,0,39508,39616,79124
MELBOURNE,2009,9,835205,851672,1686877,219950,222581,442531,1055155,1074253,2129408
NEWCASTLE,2009,9,47397,45893,93290,0,0,0,47397,45893,93290
PERTH,2009,9,292571,296351,588922,121982,120913,242895,414553,417264,831817
PROSERPINE,2009,9,9765,9403,19168,0,0,0,9765,9403,19168
ROCKHAMPTON,2009,9,32037,32141,64178,0,0,0,32037,32141,64178
SUNSHINE COAST,2009,9,35010,34510,69520,0,0,0,35010,34510,69520
SYDNEY,2009,9,956042,956379,1912421,443209,436480,879689,1399251,1392859,2792110
TOWNSVILLE,2009,9,64553,65331,129884,0,0,0,64553,65331,129884
ADELAIDE,2009,10,284313,277153,561466,26544,20496,47040,310857,297649,608506
ALICE SPRINGS,2009,10,30843,32202,63045,0,0,0,30843,32202,63045
All Australian Airports,2009,10,4499689,4499689,8999378,1195265,1022497,2217762,5694954,5522186,11217140
BALLINA,2009,10,12826,12747,25573,0,0,0,12826,12747,25573
BRISBANE,2009,10,663699,667650,1331349,191678,172089,363767,855377,839739,1695116
CAIRNS,2009,10,144382,145780,290162,18559,17194,35753,162941,162974,325915
CANBERRA,2009,10,139171,136886,276057,0,0,0,139171,136886,276057
DARWIN,2009,10,55456,61195,116651,9885,7547,17432,65341,68742,134083
GOLD COAST,2009,10,193845,197470,391315,30399,31251,61650,224244,228721,452965
HOBART,2009,10,79255,78683,157938,0,0,0,79255,78683,157938
KARRATHA,2009,10,25428,26222,51650,0,0,0,25428,26222,51650
LAUNCESTON,2009,10,47088,47112,94200,0,0,0,47088,47112,94200
MACKAY,2009,10,40964,41045,82009,0,0,0,40964,41045,82009
MELBOURNE,2009,10,898516,877825,1776341,249880,207089,456969,1148396,1084914,2233310
NEWCASTLE,2009,10,51128,49831,100959,0,0,0,51128,49831,100959
PERTH,2009,10,308512,308055,616567,143712,114485,258197,452224,422540,874764
PROSERPINE,2009,10,9888,9861,19749,0,0,0,9888,9861,19749
ROCKHAMPTON,2009,10,32645,32258,64903,0,0,0,32645,32258,64903
SUNSHINE COAST,2009,10,37978,38239,76217,0,0,0,37978,38239,76217
SYDNEY,2009,10,1041829,1055951,2097780,523927,451566,975493,1565756,1507517,3073273
TOWNSVILLE,2009,10,67100,66383,133483,0,0,0,67100,66383,133483
ADELAIDE,2009,11,264644,266874,531518,21906,21543,43449,286550,288417,574967
ALICE SPRINGS,2009,11,27776,28333,56109,0,0,0,27776,28333,56109
All Australian Airports,2009,11,4265190,4265190,8530380,1021470,1054438,2075908,5286660,5319628,10606288
BALLINA,2009,11,12736,12491,25227,0,0,0,12736,12491,25227
BRISBANE,2009,11,611573,619324,1230897,161768,173891,335659,773341,793215,1566556
CAIRNS,2009,11,130274,131348,261622,16111,16589,32700,146385,147937,294322
CANBERRA,2009,11,140350,136400,276750,0,0,0,140350,136400,276750
DARWIN,2009,11,47323,48379,95702,8305,7371,15676,55628,55750,111378
GOLD COAST,2009,11,178007,179600,357607,30037,32235,62272,208044,211835,419879
HOBART,2009,11,78141,78185,156326,0,0,0,78141,78185,156326
KARRATHA,2009,11,25346,24944,50290,0,0,0,25346,24944,50290
LAUNCESTON,2009,11,47334,47558,94892,0,0,0,47334,47558,94892
MACKAY,2009,11,38991,39381,78372,0,0,0,38991,39381,78372
MELBOURNE,2009,11,871745,868621,1740366,218576,228831,447407,1090321,1097452,2187773
NEWCASTLE,2009,11,48469,47832,96301,0,0,0,48469,47832,96301
PERTH,2009,11,287543,289705,577248,124069,119648,243717,411612,409353,820965
PROSERPINE,2009,11,9402,9459,18861,0,0,0,9402,9459,18861
ROCKHAMPTON,2009,11,30845,31069,61914,0,0,0,30845,31069,61914
SUNSHINE COAST,2009,11,34449,36311,70760,0,0,0,34449,36311,70760
SYDNEY,2009,11,1004912,997604,2002516,440305,453940,894245,1445217,1451544,2896761
TOWNSVILLE,2009,11,62942,62726,125668,0,0,0,62942,62726,125668
ADELAIDE,2009,12,262735,264356,527091,21402,24899,46301,284137,289255,573392
ALICE SPRINGS,2009,12,24031,27120,51151,0,0,0,24031,27120,51151
All Australian Airports,2009,12,4208829,4208829,8417658,1115592,1287599,2403191,5324421,5496428,10820849
BALLINA,2009,12,12602,12676,25278,0,0,0,12602,12676,25278
BRISBANE,2009,12,633923,624473,1258396,175947,202871,378818,809870,827344,1637214
CAIRNS,2009,12,124533,121771,246304,18047,16349,34396,142580,138120,280700
CANBERRA,2009,12,124879,132273,257152,0,0,0,124879,132273,257152
DARWIN,2009,12,46746,50186,96932,6700,11065,17765,53446,61251,114697
GOLD COAST,2009,12,179311,173742,353053,31049,34869,65918,210360,208611,418971
HOBART,2009,12,85143,78781,163924,0,0,0,85143,78781,163924
KARRATHA,2009,12,19846,26184,46030,0,0,0,19846,26184,46030
LAUNCESTON,2009,12,51720,47186,98906,0,0,0,51720,47186,98906
MACKAY,2009,12,38160,39841,78001,0,0,0,38160,39841,78001
MELBOURNE,2009,12,840898,858578,1699476,234725,279025,513750,1075623,1137603,2213226
NEWCASTLE,2009,12,47540,45271,92811,0,0,0,47540,45271,92811
PERTH,2009,12,296308,291384,587692,128445,154911,283356,424753,446295,871048
PROSERPINE,2009,12,9015,8928,17943,0,0,0,9015,8928,17943
ROCKHAMPTON,2009,12,31584,31393,62977,0,0,0,31584,31393,62977
SUNSHINE COAST,2009,12,33817,31572,65389,0,0,0,33817,31572,65389
SYDNEY,2009,12,993441,979947,1973388,498977,563379,1062356,1492418,1543326,3035744
TOWNSVILLE,2009,12,61371,64099,125470,0,0,0,61371,64099,125470
ADELAIDE,2010,1,260489,258574,519063,26569,22236,48805,287058,280810,567868
ALICE SPRINGS,2010,1,26313,25111,51424,0,0,0,26313,25111,51424
All Australian Airports,2010,1,4085092,4085092,8170184,1331612,1151057,2482669,5416704,5236149,10652853
BALLINA,2010,1,12345,13148,25493,0,0,0,12345,13148,25493
BRISBANE,2010,1,584635,595191,1179826,203308,173057,376365,787943,768248,1556191
CAIRNS,2010,1,115618,122164,237782,16968,16811,33779,132586,138975,271561
CANBERRA,2010,1,115316,108511,223827,0,0,0,115316,108511,223827
DARWIN,2010,1,48347,44906,93253,12438,7021,19459,60785,51927,112712
GOLD COAST,2010,1,194353,200699,395052,34977,33841,68818,229330,234540,463870
HOBART,2010,1,82337,89740,172077,0,0,0,82337,89740,172077
KARRATHA,2010,1,24349,19774,44123,0,0,0,24349,19774,44123
LAUNCESTON,2010,1,50233,55774,106007,0,0,0,50233,55774,106007
MACKAY,2010,1,36743,36508,73251,0,0,0,36743,36508,73251
MELBOURNE,2010,1,857377,826363,1683740,284826,243684,528510,1142203,1070047,2212250
NEWCASTLE,2010,1,45797,45624,91421,0,0,0,45797,45624,91421
PERTH,2010,1,286464,288436,574900,162965,132416,295381,449429,420852,870281
PROSERPINE,2010,1,8569,8729,17298,0,0,0,8569,8729,17298
ROCKHAMPTON,2010,1,28140,27337,55477,0,0,0,28140,27337,55477
SUNSHINE COAST,2010,1,34713,37517,72230,0,0,0,34713,37517,72230
SYDNEY,2010,1,938593,953550,1892143,589167,521511,1110678,1527760,1475061,3002821
TOWNSVILLE,2010,1,57683,54094,111777,0,0,0,57683,54094,111777
ADELAIDE,2010,2,251775,248044,499819,21576,16706,38282,273351,264750,538101
ALICE SPRINGS,2010,2,23612,24272,47884,0,0,0,23612,24272,47884
All Australian Airports,2010,2,3911097,3911097,7822194,1078500,951627,2030127,4989597,4862724,9852321
BALLINA,2010,2,10903,10929,21832,0,0,0,10903,10929,21832
BRISBANE,2010,2,545876,545378,1091254,160009,147233,307242,705885,692611,1398496
CAIRNS,2010,2,109475,113285,222760,18708,15744,34452,128183,129029,257212
CANBERRA,2010,2,127933,125520,253453,0,0,0,127933,125520,253453
DARWIN,2010,2,40104,41542,81646,7671,5946,13617,47775,47488,95263
GOLD COAST,2010,2,181699,179840,361539,31244,31266,62510,212943,211106,424049
HOBART,2010,2,80480,77113,157593,0,0,0,80480,77113,157593
KARRATHA,2010,2,22216,22442,44658,0,0,0,22216,22442,44658
LAUNCESTON,2010,2,47867,46638,94505,0,0,0,47867,46638,94505
MACKAY,2010,2,33503,34298,67801,0,0,0,33503,34298,67801
MELBOURNE,2010,2,802637,808660,1611297,243752,204449,448201,1046389,1013109,2059498
NEWCASTLE,2010,2,42718,41936,84654,0,0,0,42718,41936,84654
PERTH,2010,2,257710,260696,518406,121055,104937,225992,378765,365633,744398
PROSERPINE,2010,2,7896,7966,15862,0,0,0,7896,7966,15862
ROCKHAMPTON,2010,2,28848,29279,58127,0,0,0,28848,29279,58127
SUNSHINE COAST,2010,2,28925,29019,57944,0,0,0,28925,29019,57944
SYDNEY,2010,2,940950,936409,1877359,474091,424962,899053,1415041,1361371,2776412
TOWNSVILLE,2010,2,54481,54482,108963,0,0,0,54481,54482,108963
ADELAIDE,2010,3,292054,294892,586946,22086,20609,42695,314140,315501,629641
ALICE SPRINGS,2010,3,29637,28964,58601,0,0,0,29637,28964,58601
All Australian Airports,2010,3,4408420,4408420,8816840,1052707,1092822,2145529,5461127,5501242,10962369
BALLINA,2010,3,11282,11338,22620,0,0,0,11282,11338,22620
BRISBANE,2010,3,605994,603265,1209259,162490,168234,330724,768484,771499,1539983
CAIRNS,2010,3,117633,114623,232256,18641,18119,36760,136274,132742,269016
CANBERRA,2010,3,159259,158643,317902,0,0,0,159259,158643,317902
DARWIN,2010,3,51455,51042,102497,7223,6848,14071,58678,57890,116568
GOLD COAST,2010,3,198637,194526,393163,35150,36218,71368,233787,230744,464531
HOBART,2010,3,83340,84388,167728,0,0,0,83340,84388,167728
KARRATHA,2010,3,26812,26767,53579,0,0,0,26812,26767,53579
LAUNCESTON,2010,3,49830,50951,100781,0,0,0,49830,50951,100781
MACKAY,2010,3,36041,35330,71371,0,0,0,36041,35330,71371
MELBOURNE,2010,3,905092,921247,1826339,231673,239252,470925,1136765,1160499,2297264
NEWCASTLE,2010,3,50078,48621,98699,0,0,0,50078,48621,98699
PERTH,2010,3,310802,308441,619243,123514,128335,251849,434316,436776,871092
PROSERPINE,2010,3,8101,7673,15774,0,0,0,8101,7673,15774
ROCKHAMPTON,2010,3,31683,31492,63175,0,0,0,31683,31492,63175
SUNSHINE COAST,2010,3,31817,30574,62391,0,0,0,31817,30574,62391
SYDNEY,2010,3,1024000,1027486,2051486,451545,474798,926343,1475545,1502284,2977829
TOWNSVILLE,2010,3,61328,59317,120645,0,0,0,61328,59317,120645
ADELAIDE,2010,4,290702,296008,586710,22393,23027,45420,313095,319035,632130
ALICE SPRINGS,2010,4,28752,29756,58508,0,0,0,28752,29756,58508
All Australian Airports,2010,4,4351804,4351804,8703608,1026383,1036390,2062773,5378187,5388194,10766381
BALLINA,2010,4,10375,10614,20989,0,0,0,10375,10614,20989
BRISBANE,2010,4,621672,626921,1248593,161473,166938,328411,783145,793859,1577004
CAIRNS,2010,4,123075,126177,249252,19035,19013,38048,142110,145190,287300
CANBERRA,2010,4,137603,139037,276640,0,0,0,137603,139037,276640
DARWIN,2010,4,55409,53875,109284,8722,8067,16789,64131,61942,126073
GOLD COAST,2010,4,193045,197697,390742,31212,29531,60743,224257,227228,451485
HOBART,2010,4,77541,81585,159126,0,0,0,77541,81585,159126
KARRATHA,2010,4,24569,24978,49547,0,0,0,24569,24978,49547
LAUNCESTON,2010,4,49145,50974,100119,0,0,0,49145,50974,100119
MACKAY,2010,4,36857,36634,73491,0,0,0,36857,36634,73491
MELBOURNE,2010,4,896389,873538,1769927,220800,219940,440740,1117189,1093478,2210667
NEWCASTLE,2010,4,48456,48416,96872,0,0,0,48456,48416,96872
PERTH,2010,4,302872,302407,605279,120962,123936,244898,423834,426343,850177
PROSERPINE,2010,4,8558,8647,17205,0,0,0,8558,8647,17205
ROCKHAMPTON,2010,4,32528,32819,65347,0,0,0,32528,32819,65347
SUNSHINE COAST,2010,4,34920,36742,71662,0,0,0,34920,36742,71662
SYDNEY,2010,4,1003151,995055,1998206,441331,445549,886880,1444482,1440604,2885086
TOWNSVILLE,2010,4,63419,62319,125738,0,0,0,63419,62319,125738
ADELAIDE,2010,5,269597,272381,541978,18231,21100,39331,287828,293481,581309
ALICE SPRINGS,2010,5,27486,27209,54695,0,0,0,27486,27209,54695
All Australian Airports,2010,5,4153402,4153402,8306804,893089,993010,1886099,5046491,5146412,10192903
BALLINA,2010,5,9295,9346,18641,0,0,0,9295,9346,18641
BRISBANE,2010,5,596680,592018,1188698,149297,158209,307506,745977,750227,1496204
CAIRNS,2010,5,120298,118481,238779,16586,18067,34653,136884,136548,273432
CANBERRA,2010,5,135630,135664,271294,0,0,0,135630,135664,271294
DARWIN,2010,5,59167,57782,116949,8980,8182,17162,68147,65964,134111
GOLD COAST,2010,5,181410,182011,363421,26191,28175,54366,207601,210186,417787
HOBART,2010,5,70607,76458,147065,0,0,0,70607,76458,147065
KARRATHA,2010,5,25101,25006,50107,0,0,0,25101,25006,50107
LAUNCESTON,2010,5,42635,45994,88629,0,0,0,42635,45994,88629
MACKAY,2010,5,37655,37959,75614,0,0,0,37655,37959,75614
MELBOURNE,2010,5,840775,841892,1682667,188710,221202,409912,1029485,1063094,2092579
NEWCASTLE,2010,5,46530,45764,92294,0,0,0,46530,45764,92294
PERTH,2010,5,287923,286187,574110,104309,114443,218752,392232,400630,792862
PROSERPINE,2010,5,8348,8171,16519,0,0,0,8348,8171,16519
ROCKHAMPTON,2010,5,31609,31994,63603,0,0,0,31609,31994,63603
SUNSHINE COAST,2010,5,31064,31888,62952,0,0,0,31064,31888,62952
SYDNEY,2010,5,954506,949785,1904291,380176,422964,803140,1334682,1372749,2707431
TOWNSVILLE,2010,5,63472,62951,126423,0,0,0,63472,62951,126423
ADELAIDE,2010,6,260162,264413,524575,19742,21699,41441,279904,286112,566016
ALICE SPRINGS,2010,6,27324,26984,54308,0,0,0,27324,26984,54308
All Australian Airports,2010,6,4157903,4157903,8315806,963769,1131910,2095679,5121672,5289813,10411485
BALLINA,2010,6,8547,8531,17078,0,0,0,8547,8531,17078
BRISBANE,2010,6,609580,612834,1222414,163393,187027,350420,772973,799861,1572834
CAIRNS,2010,6,138996,129471,268467,17905,18512,36417,156901,147983,304884
CANBERRA,2010,6,138443,138293,276736,0,0,0,138443,138293,276736
DARWIN,2010,6,67285,64016,131301,9032,10053,19085,76317,74069,150386
GOLD COAST,2010,6,181333,177531,358864,27027,28564,55591,208360,206095,414455
HOBART,2010,6,70837,66836,137673,0,0,0,70837,66836,137673
KARRATHA,2010,6,25089,26131,51220,0,0,0,25089,26131,51220
LAUNCESTON,2010,6,43695,41349,85044,0,0,0,43695,41349,85044
MACKAY,2010,6,40689,40733,81422,0,0,0,40689,40733,81422
MELBOURNE,2010,6,819152,851471,1670623,208773,257409,466182,1027925,1108880,2136805
NEWCASTLE,2010,6,45416,44159,89575,0,0,0,45416,44159,89575
PERTH,2010,6,287123,283871,570994,115473,143302,258775,402596,427173,829769
PROSERPINE,2010,6,8678,8222,16900,0,0,0,8678,8222,16900
ROCKHAMPTON,2010,6,31776,31936,63712,0,0,0,31776,31936,63712
SUNSHINE COAST,2010,6,30986,30062,61048,0,0,0,30986,30062,61048
SYDNEY,2010,6,938474,929646,1868120,402125,465000,867125,1340599,1394646,2735245
TOWNSVILLE,2010,6,66906,66752,133658,0,0,0,66906,66752,133658
ADELAIDE,2010,7,293548,297128,590676,25332,21846,47178,318880,318974,637854
ALICE SPRINGS,2010,7,30432,31554,61986,0,0,0,30432,31554,61986
All Australian Airports,2010,7,4633143,4633143,9266286,1299592,1101544,2401136,5932735,5734687,11667422
BALLINA,2010,7,10340,10053,20393,0,0,0,10340,10053,20393
BRISBANE,2010,7,695302,675727,1371029,220390,188120,408510,915692,863847,1779539
CAIRNS,2010,7,159579,160532,320111,24341,20546,44887,183920,181078,364998
CANBERRA,2010,7,140048,140533,280581,0,0,0,140048,140533,280581
DARWIN,2010,7,76804,78215,155019,12432,10236,22668,89236,88451,177687
GOLD COAST,2010,7,208794,210106,418900,33974,29982,63956,242768,240088,482856
HOBART,2010,7,70896,73702,144598,0,0,0,70896,73702,144598
KARRATHA,2010,7,27369,28283,55652,0,0,0,27369,28283,55652
LAUNCESTON,2010,7,43396,45798,89194,0,0,0,43396,45798,89194
MACKAY,2010,7,43626,43804,87430,0,0,0,43626,43804,87430
MELBOURNE,2010,7,944778,913028,1857806,283636,231976,515612,1228414,1145004,2373418
NEWCASTLE,2010,7,50443,51540,101983,0,0,0,50443,51540,101983
PERTH,2010,7,318123,322413,640536,152709,129033,281742,470832,451446,922278
PROSERPINE,2010,7,9127,9290,18417,0,0,0,9127,9290,18417
ROCKHAMPTON,2010,7,32566,32375,64941,0,0,0,32566,32375,64941
SUNSHINE COAST,2010,7,39239,38214,77453,0,0,0,39239,38214,77453
SYDNEY,2010,7,1028088,1054596,2082684,546386,469414,1015800,1574474,1524010,3098484
TOWNSVILLE,2010,7,74752,73971,148723,0,0,0,74752,73971,148723
ADELAIDE,2010,8,283747,283560,567307,21613,21756,43369,305360,305316,610676
ALICE SPRINGS,2010,8,29732,30888,60620,0,0,0,29732,30888,60620
All Australian Airports,2010,8,4519309,4519309,9038618,1083502,1130243,2213745,5602811,5649552,11252363
BALLINA,2010,8,10601,10387,20988,0,0,0,10601,10387,20988
BRISBANE,2010,8,661735,667083,1328818,179247,194188,373435,840982,861271,1702253
CAIRNS,2010,8,149446,153659,303105,24728,27474,52202,174174,181133,355307
CANBERRA,2010,8,138899,135985,274884,0,0,0,138899,135985,274884
DARWIN,2010,8,70153,72913,143066,9930,10517,20447,80083,83430,163513
GOLD COAST,2010,8,193943,195166,389109,34085,37628,71713,228028,232794,460822
HOBART,2010,8,71393,72567,143960,0,0,0,71393,72567,143960
KARRATHA,2010,8,26944,27139,54083,0,0,0,26944,27139,54083
LAUNCESTON,2010,8,44292,44645,88937,0,0,0,44292,44645,88937
MACKAY,2010,8,41931,42150,84081,0,0,0,41931,42150,84081
MELBOURNE,2010,8,913529,920169,1833698,231395,241959,473354,1144924,1162128,2307052
NEWCASTLE,2010,8,49383,48098,97481,0,0,0,49383,48098,97481
PERTH,2010,8,308752,304122,612874,124979,124766,249745,433731,428888,862619
PROSERPINE,2010,8,9331,9217,18548,0,0,0,9331,9217,18548
ROCKHAMPTON,2010,8,32964,33147,66111,0,0,0,32964,33147,66111
SUNSHINE COAST,2010,8,36256,36552,72808,0,0,0,36256,36552,72808
SYDNEY,2010,8,1023426,1009829,2033255,457069,471363,928432,1480495,1481192,2961687
TOWNSVILLE,2010,8,73506,72594,146100,0,0,0,73506,72594,146100
ADELAIDE,2010,9,282205,287767,569972,23201,22552,45753,305406,310319,615725
ALICE SPRINGS,2010,9,29255,29348,58603,0,0,0,29255,29348,58603
All Australian Airports,2010,9,4613390,4613390,9226780,1142673,1173690,2316363,5756063,5787080,11543143
BALLINA,2010,9,11961,11206,23167,0,0,0,11961,11206,23167
BRISBANE,2010,9,687199,679663,1366862,187251,193066,380317,874450,872729,1747179
CAIRNS,2010,9,155627,146363,301990,24691,24656,49347,180318,171019,351337
CANBERRA,2010,9,137827,142801,280628,0,0,0,137827,142801,280628
DARWIN,2010,9,67634,68308,135942,10104,9608,19712,77738,77916,155654
GOLD COAST,2010,9,211674,201192,412866,32551,35732,68283,244225,236924,481149
HOBART,2010,9,79678,71781,151459,0,0,0,79678,71781,151459
KARRATHA,2010,9,27025,28665,55690,0,0,0,27025,28665,55690
LAUNCESTON,2010,9,48145,43768,91913,0,0,0,48145,43768,91913
MACKAY,2010,9,46612,46479,93091,0,0,0,46612,46479,93091
MELBOURNE,2010,9,935099,941432,1876531,255664,259528,515192,1190763,1200960,2391723
NEWCASTLE,2010,9,50720,51415,102135,0,0,0,50720,51415,102135
PERTH,2010,9,318333,314362,632695,135453,138472,273925,453786,452834,906620
PROSERPINE,2010,9,9302,8925,18227,0,0,0,9302,8925,18227
ROCKHAMPTON,2010,9,35141,34516,69657,0,0,0,35141,34516,69657
SUNSHINE COAST,2010,9,40102,37481,77583,0,0,0,40102,37481,77583
SYDNEY,2010,9,1016828,1042725,2059553,473067,489387,962454,1489895,1532112,3022007
TOWNSVILLE,2010,9,71311,73482,144793,0,0,0,71311,73482,144793
ADELAIDE,2010,10,313687,301158,614845,27111,19830,46941,340798,320988,661786
ALICE SPRINGS,2010,10,29544,31330,60874,0,0,0,29544,31330,60874
All Australian Airports,2010,10,4831601,4831601,9663202,1288712,1084487,2373199,6120313,5916088,12036401
BALLINA,2010,10,12623,13407,26030,0,0,0,12623,13407,26030
BRISBANE,2010,10,705758,711488,1417246,197989,178468,376457,903747,889956,1793703
CAIRNS,2010,10,155810,161684,317494,23636,21613,45249,179446,183297,362743
CANBERRA,2010,10,150238,143708,293946,0,0,0,150238,143708,293946
DARWIN,2010,10,60688,65353,126041,10326,7948,18274,71014,73301,144315
GOLD COAST,2010,10,207738,213135,420873,33635,33355,66990,241373,246490,487863
HOBART,2010,10,78044,78129,156173,0,0,0,78044,78129,156173
KARRATHA,2010,10,29326,29400,58726,0,0,0,29326,29400,58726
LAUNCESTON,2010,10,48334,49055,97389,0,0,0,48334,49055,97389
MACKAY,2010,10,47386,48552,95938,0,0,0,47386,48552,95938
MELBOURNE,2010,10,981550,974228,1955778,286793,239495,526288,1268343,1213723,2482066
NEWCASTLE,2010,10,56398,55577,111975,0,0,0,56398,55577,111975
PERTH,2010,10,334601,336074,670675,159154,123118,282272,493755,459192,952947
PROSERPINE,2010,10,9539,9830,19369,0,0,0,9539,9830,19369
ROCKHAMPTON,2010,10,34566,35074,69640,0,0,0,34566,35074,69640
SUNSHINE COAST,2010,10,41486,43119,84605,0,0,0,41486,43119,84605
SYDNEY,2010,10,1098050,1091897,2189947,549162,459725,1008887,1647212,1551622,3198834
TOWNSVILLE,2010,10,72820,73249,146069,0,0,0,72820,73249,146069
ADELAIDE,2010,11,283723,284665,568388,22317,21729,44046,306040,306394,612434
ALICE SPRINGS,2010,11,26190,27029,53219,0,0,0,26190,27029,53219
All Australian Airports,2010,11,4598356,4598356,9196712,1084692,1120950,2205642,5683048,5719306,11402354
BALLINA,2010,11,11610,11485,23095,0,0,0,11610,11485,23095
BRISBANE,2010,11,663810,669962,1333772,167586,178601,346187,831396,848563,1679959
CAIRNS,2010,11,137290,140552,277842,22274,22039,44313,159564,162591,322155
CANBERRA,2010,11,146185,144206,290391,0,0,0,146185,144206,290391
DARWIN,2010,11,50446,51878,102324,8202,7770,15972,58648,59648,118296
GOLD COAST,2010,11,200935,204002,404937,30669,35394,66063,231604,239396,471000
HOBART,2010,11,80259,81028,161287,0,0,0,80259,81028,161287
KARRATHA,2010,11,29171,28616,57787,0,0,0,29171,28616,57787
LAUNCESTON,2010,11,48816,48567,97383,0,0,0,48816,48567,97383
MACKAY,2010,11,44241,43824,88065,0,0,0,44241,43824,88065
MELBOURNE,2010,11,936055,926714,1862769,240786,250417,491203,1176841,1177131,2353972
NEWCASTLE,2010,11,53477,54025,107502,0,0,0,53477,54025,107502
PERTH,2010,11,319379,318384,637763,126434,125609,252043,445813,443993,889806
PROSERPINE,2010,11,9102,9345,18447,0,0,0,9102,9345,18447
ROCKHAMPTON,2010,11,33956,34024,67980,0,0,0,33956,34024,67980
SUNSHINE COAST,2010,11,39243,40850,80093,0,0,0,39243,40850,80093
SYDNEY,2010,11,1056752,1051838,2108590,465698,478625,944323,1522450,1530463,3052913
TOWNSVILLE,2010,11,65417,67350,132767,0,0,0,65417,67350,132767
ADELAIDE,2010,12,292916,295017,587933,23166,25965,49131,316082,320982,637064
ALICE SPRINGS,2010,12,22303,25819,48122,0,0,0,22303,25819,48122
All Australian Airports,2010,12,4691850,4691850,9383700,1184169,1393185,2577354,5876019,6085035,11961054
BALLINA,2010,12,14405,14158,28563,0,0,0,14405,14158,28563
BRISBANE,2010,12,696432,683949,1380381,183545,213138,396683,879977,897087,1777064
CAIRNS,2010,12,145414,138845,284259,22953,22813,45766,168367,161658,330025
CANBERRA,2010,12,127064,136664,263728,0,0,0,127064,136664,263728
DARWIN,2010,12,50641,58005,108646,7376,12373,19749,58017,70378,128395
GOLD COAST,2010,12,214564,205921,420485,34186,42082,76268,248750,248003,496753
HOBART,2010,12,97986,85367,183353,0,0,0,97986,85367,183353
KARRATHA,2010,12,22220,31415,53635,0,0,0,22220,31415,53635
LAUNCESTON,2010,12,63578,54488,118066,0,0,0,63578,54488,118066
MACKAY,2010,12,44289,47223,91512,0,0,0,44289,47223,91512
MELBOURNE,2010,12,933226,957852,1891078,265242,321150,586392,1198468,1279002,2477470
NEWCASTLE,2010,12,57032,54344,111376,0,0,0,57032,54344,111376
PERTH,2010,12,334075,328303,662378,132438,165897,298335,466513,494200,960713
PROSERPINE,2010,12,8927,9023,17950,0,0,0,8927,9023,17950
ROCKHAMPTON,2010,12,33991,35451,69442,0,0,0,33991,35451,69442
SUNSHINE COAST,2010,12,42747,40153,82900,0,0,0,42747,40153,82900
SYDNEY,2010,12,1073348,1055700,2129048,514182,588240,1102422,1587530,1643940,3231470
TOWNSVILLE,2010,12,68741,74353,143094,432,882,1314,69173,75235,144408
ADELAIDE,2011,1,275339,273902,549241,26556,22938,49494,301895,296840,598735
ALICE SPRINGS,2011,1,24684,22802,47486,0,0,0,24684,22802,47486
All Australian Airports,2011,1,4387291,4387291,8774582,1460356,1248767,2709123,5847647,5636058,11483705
BALLINA,2011,1,14507,16411,30918,0,0,0,14507,16411,30918
BRISBANE,2011,1,583192,600245,1183437,216100,179977,396077,799292,780222,1579514
CAIRNS,2011,1,129363,135005,264368,22107,22050,44157,151470,157055,308525
CANBERRA,2011,1,112590,103009,215599,0,0,0,112590,103009,215599
DARWIN,2011,1,54452,48338,102790,15893,9594,25487,70345,57932,128277
GOLD COAST,2011,1,232797,249492,482289,41804,37522,79326,274601,287014,561615
HOBART,2011,1,92675,106709,199384,0,0,0,92675,106709,199384
KARRATHA,2011,1,29255,21348,50603,0,0,0,29255,21348,50603
LAUNCESTON,2011,1,53384,62199,115583,0,0,0,53384,62199,115583
MACKAY,2011,1,47185,44254,91439,0,0,0,47185,44254,91439
MELBOURNE,2011,1,932364,895173,1827537,336970,290873,627843,1269334,1186046,2455380
NEWCASTLE,2011,1,52920,52748,105668,0,0,0,52920,52748,105668
PERTH,2011,1,314220,319155,633375,181208,142653,323861,495428,461808,957236
PROSERPINE,2011,1,8548,9026,17574,0,0,0,8548,9026,17574
ROCKHAMPTON,2011,1,5269,5116,10385,0,0,0,5269,5116,10385
SUNSHINE COAST,2011,1,41828,47366,89194,0,0,0,41828,47366,89194
SYDNEY,2011,1,990667,996394,1987061,617807,541526,1159333,1608474,1537920,3146394
TOWNSVILLE,2011,1,63002,56390,119392,1124,818,1942,64126,57208,121334
ADELAIDE,2011,2,253474,247288,500762,22587,17514,40101,276061,264802,540863
ALICE SPRINGS,2011,2,21814,22014,43828,0,0,0,21814,22014,43828
All Australian Airports,2011,2,3922584,3922584,7845168,1139969,980257,2120226,5062553,4902841,9965394
BALLINA,2011,2,11708,11897,23605,0,0,0,11708,11897,23605
BRISBANE,2011,2,550493,554263,1104756,160230,146869,307099,710723,701132,1411855
CAIRNS,2011,2,107247,110361,217608,18556,16331,34887,125803,126692,252495
CANBERRA,2011,2,123300,118760,242060,0,0,0,123300,118760,242060
DARWIN,2011,2,37713,39407,77120,9685,8793,18478,47398,48200,95598
GOLD COAST,2011,2,168188,173197,341385,32924,31144,64068,201112,204341,405453
HOBART,2011,2,83321,79592,162913,0,0,0,83321,79592,162913
KARRATHA,2011,2,25213,24858,50071,0,0,0,25213,24858,50071
LAUNCESTON,2011,2,48468,46666,95134,0,0,0,48468,46666,95134
MACKAY,2011,2,35124,35588,70712,0,0,0,35124,35588,70712
MELBOURNE,2011,2,807515,802662,1610177,274243,220878,495121,1081758,1023540,2105298
NEWCASTLE,2011,2,43956,44185,88141,0,0,0,43956,44185,88141
PERTH,2011,2,274070,276149,550219,132824,109037,241861,406894,385186,792080
PROSERPINE,2011,2,6418,6268,12686,0,0,0,6418,6268,12686
ROCKHAMPTON,2011,2,24652,25149,49801,0,0,0,24652,25149,49801
SUNSHINE COAST,2011,2,30150,30658,60808,0,0,0,30150,30658,60808
SYDNEY,2011,2,925854,929005,1854859,487786,428500,916286,1413640,1357505,2771145
TOWNSVILLE,2011,2,52145,51796,103941,567,593,1160,52712,52389,105101
ADELAIDE,2011,3,293734,295355,589089,21787,21351,43138,315521,316706,632227
ALICE SPRINGS,2011,3,25230,25168,50398,0,0,0,25230,25168,50398
All Australian Airports,2011,3,4534895,4534895,9069790,1055726,1055897,2111623,5590621,5590792,11181413
BALLINA,2011,3,12864,13188,26052,0,0,0,12864,13188,26052
BRISBANE,2011,3,639595,638987,1278582,155406,155471,310877,795001,794458,1589459
CAIRNS,2011,3,120947,121066,242013,19990,19163,39153,140937,140229,281166
CANBERRA,2011,3,147553,148135,295688,0,0,0,147553,148135,295688
DARWIN,2011,3,49902,50055,99957,10698,9766,20464,60600,59821,120421
GOLD COAST,2011,3,185830,187395,373225,32255,30531,62786,218085,217926,436011
HOBART,2011,3,87289,90641,177930,0,0,0,87289,90641,177930
KARRATHA,2011,3,31078,29797,60875,0,0,0,31078,29797,60875
LAUNCESTON,2011,3,52074,54657,106731,0,0,0,52074,54657,106731
MACKAY,2011,3,43224,42622,85846,0,0,0,43224,42622,85846
MELBOURNE,2011,3,928617,924483,1853100,243754,237994,481748,1172371,1162477,2334848
NEWCASTLE,2011,3,50812,51146,101958,0,0,0,50812,51146,101958
PERTH,2011,3,330530,331084,661614,123725,124375,248100,454255,455459,909714
PROSERPINE,2011,3,7831,7688,15519,0,0,0,7831,7688,15519
ROCKHAMPTON,2011,3,31111,31167,62278,0,0,0,31111,31167,62278
SUNSHINE COAST,2011,3,36120,35698,71818,0,0,0,36120,35698,71818
SYDNEY,2011,3,1039009,1034790,2073799,446942,456003,902945,1485951,1490793,2976744
TOWNSVILLE,2011,3,66595,67266,133861,537,617,1154,67132,67883,135015
ADELAIDE,2011,4,282981,286574,569555,22983,25799,48782,305964,312373,618337
ALICE SPRINGS,2011,4,27321,27760,55081,0,0,0,27321,27760,55081
All Australian Airports,2011,4,4524875,4524875,9049750,1097300,1188149,2285449,5622175,5713024,11335199
BALLINA,2011,4,13126,13075,26201,0,0,0,13126,13075,26201
BRISBANE,2011,4,659295,659943,1319238,170423,184505,354928,829718,844448,1674166
CAIRNS,2011,4,138443,134419,272862,18519,18859,37378,156962,153278,310240
CANBERRA,2011,4,133303,136882,270185,0,0,0,133303,136882,270185
DARWIN,2011,4,58167,56962,115129,11843,11649,23492,70010,68611,138621
GOLD COAST,2011,4,192240,187386,379626,27558,26353,53911,219798,213739,433537
HOBART,2011,4,76354,80101,156455,0,0,0,76354,80101,156455
KARRATHA,2011,4,27897,29468,57365,0,0,0,27897,29468,57365
LAUNCESTON,2011,4,48024,48508,96532,0,0,0,48024,48508,96532
MACKAY,2011,4,41760,42414,84174,0,0,0,41760,42414,84174
MELBOURNE,2011,4,915423,915413,1830836,250130,274680,524810,1165553,1190093,2355646
NEWCASTLE,2011,4,50766,50560,101326,0,0,0,50766,50560,101326
PERTH,2011,4,329318,332212,661530,128507,145585,274092,457825,477797,935622
PROSERPINE,2011,4,8488,7992,16480,0,0,0,8488,7992,16480
ROCKHAMPTON,2011,4,30645,31000,61645,0,0,0,30645,31000,61645
SUNSHINE COAST,2011,4,43279,42511,85790,0,0,0,43279,42511,85790
SYDNEY,2011,4,1024659,1014734,2039393,466420,499769,966189,1491079,1514503,3005582
TOWNSVILLE,2011,4,67086,66172,133258,437,567,1004,67523,66739,134262
ADELAIDE,2011,5,273748,274350,548098,21287,24027,45314,295035,298377,593412
ALICE SPRINGS,2011,5,24987,25618,50605,0,0,0,24987,25618,50605
All Australian Airports,2011,5,4378077,4378077,8756154,1010388,1069097,2079485,5388465,5447174,10835639
BALLINA,2011,5,10696,11369,22065,0,0,0,10696,11369,22065
BRISBANE,2011,5,646930,644697,1291627,165542,168888,334430,812472,813585,1626057
CAIRNS,2011,5,130729,130933,261662,17356,18504,35860,148085,149437,297522
CANBERRA,2011,5,139177,136996,276173,0,0,0,139177,136996,276173
DARWIN,2011,5,60722,57990,118712,12126,10980,23106,72848,68970,141818
GOLD COAST,2011,5,170531,173866,344397,26231,27520,53751,196762,201386,398148
HOBART,2011,5,69370,76509,145879,0,0,0,69370,76509,145879
KARRATHA,2011,5,31295,30395,61690,0,0,0,31295,30395,61690
LAUNCESTON,2011,5,41123,44856,85979,0,0,0,41123,44856,85979
MACKAY,2011,5,44832,43888,88720,0,0,0,44832,43888,88720
MELBOURNE,2011,5,872415,876279,1748694,230962,247707,478669,1103377,1123986,2227363
NEWCASTLE,2011,5,47891,48428,96319,0,0,0,47891,48428,96319
PERTH,2011,5,334896,330573,665469,126487,127062,253549,461383,457635,919018
PROSERPINE,2011,5,7869,8354,16223,0,0,0,7869,8354,16223
ROCKHAMPTON,2011,5,32375,31886,64261,0,0,0,32375,31886,64261
SUNSHINE COAST,2011,5,33996,34824,68820,0,0,0,33996,34824,68820
SYDNEY,2011,5,978205,970336,1948541,409295,443458,852753,1387500,1413794,2801294
TOWNSVILLE,2011,5,68038,68072,136110,524,321,845,68562,68393,136955
ADELAIDE,2011,6,237077,237976,475053,21671,22929,44600,258748,260905,519653
ALICE SPRINGS,2011,6,25037,24660,49697,0,0,0,25037,24660,49697
All Australian Airports,2011,6,4094318,4094318,8188636,991794,1164150,2155944,5086112,5258468,10344580
BALLINA,2011,6,10144,10101,20245,0,0,0,10144,10101,20245
BRISBANE,2011,6,625865,632359,1258224,166624,189150,355774,792489,821509,1613998
CAIRNS,2011,6,146939,138109,285048,19085,18693,37778,166024,156802,322826
CANBERRA,2011,6,127137,129848,256985,0,0,0,127137,129848,256985
DARWIN,2011,6,65734,62984,128718,11490,12875,24365,77224,75859,153083
GOLD COAST,2011,6,164516,161764,326280,21118,23467,44585,185634,185231,370865
HOBART,2011,6,60645,59129,119774,0,0,0,60645,59129,119774
KARRATHA,2011,6,29391,29639,59030,0,0,0,29391,29639,59030
LAUNCESTON,2011,6,37192,36323,73515,0,0,0,37192,36323,73515
MACKAY,2011,6,43839,44325,88164,0,0,0,43839,44325,88164
MELBOURNE,2011,6,797066,804285,1601351,223865,273382,497247,1020931,1077667,2098598
NEWCASTLE,2011,6,42562,42876,85438,0,0,0,42562,42876,85438
PERTH,2011,6,309801,305518,615319,122825,142806,265631,432626,448324,880950
PROSERPINE,2011,6,8128,7868,15996,0,0,0,8128,7868,15996
ROCKHAMPTON,2011,6,31658,32006,63664,0,0,0,31658,32006,63664
SUNSHINE COAST,2011,6,31320,30983,62303,0,0,0,31320,30983,62303
SYDNEY,2011,6,901802,905444,1807246,404433,480056,884489,1306235,1385500,2691735
TOWNSVILLE,2011,6,66706,67428,134134,355,399,754,67061,67827,134888
ADELAIDE,2011,7,273786,277032,550818,28138,25253,53391,301924,302285,604209
ALICE SPRINGS,2011,7,27026,28288,55314,0,0,0,27026,28288,55314
All Australian Airports,2011,7,4684113,4684113,9368226,1366044,1165850,2531894,6050157,5849963,11900120
BALLINA,2011,7,13150,13011,26161,0,0,0,13150,13011,26161
BRISBANE,2011,7,728844,703758,1432602,230003,191645,421648,958847,895403,1854250
CAIRNS,2011,7,168361,169448,337809,26916,22192,49108,195277,191640,386917
CANBERRA,2011,7,141140,139594,280734,0,0,0,141140,139594,280734
DARWIN,2011,7,93297,93216,186513,17228,16951,34179,110525,110167,220692
GOLD COAST,2011,7,197540,193552,391092,28041,25173,53214,225581,218725,444306
HOBART,2011,7,67266,68520,135786,0,0,0,67266,68520,135786
KARRATHA,2011,7,33496,34124,67620,0,0,0,33496,34124,67620
LAUNCESTON,2011,7,41920,42708,84628,0,0,0,41920,42708,84628
MACKAY,2011,7,46913,46668,93581,0,0,0,46913,46668,93581
MELBOURNE,2011,7,907802,900980,1808782,309728,262089,571817,1217530,1163069,2380599
NEWCASTLE,2011,7,50065,50800,100865,0,0,0,50065,50800,100865
PERTH,2011,7,350500,356774,707274,161562,144998,306560,512062,501772,1013834
PROSERPINE,2011,7,8846,9327,18173,0,0,0,8846,9327,18173
ROCKHAMPTON,2011,7,33714,33198,66912,0,0,0,33714,33198,66912
SUNSHINE COAST,2011,7,39098,37432,76530,0,0,0,39098,37432,76530
SYDNEY,2011,7,1022596,1041581,2064177,563461,476698,1040159,1586057,1518279,3104336
TOWNSVILLE,2011,7,76522,74194,150716,611,514,1125,77133,74708,151841
ADELAIDE,2011,8,263100,263060,526160,25653,24324,49977,288753,287384,576137
ALICE SPRINGS,2011,8,25254,26436,51690,0,0,0,25254,26436,51690
All Australian Airports,2011,8,4549923,4549923,9099846,1144506,1164418,2308924,5694429,5714341,11408770
BALLINA,2011,8,11550,12010,23560,0,0,0,11550,12010,23560
BRISBANE,2011,8,695252,696200,1391452,186412,198789,385201,881664,894989,1776653
CAIRNS,2011,8,155585,161361,316946,25287,27519,52806,180872,188880,369752
CANBERRA,2011,8,143160,139888,283048,0,0,0,143160,139888,283048
DARWIN,2011,8,80884,85094,165978,14244,16475,30719,95128,101569,196697
GOLD COAST,2011,8,180526,179493,360019,30677,31499,62176,211203,210992,422195
HOBART,2011,8,66258,68792,135050,0,0,0,66258,68792,135050
KARRATHA,2011,8,34720,34325,69045,0,0,0,34720,34325,69045
LAUNCESTON,2011,8,41809,43353,85162,0,0,0,41809,43353,85162
MACKAY,2011,8,47594,47296,94890,0,0,0,47594,47296,94890
MELBOURNE,2011,8,875410,876729,1752139,259446,261977,521423,1134856,1138706,2273562
NEWCASTLE,2011,8,49591,49141,98732,0,0,0,49591,49141,98732
PERTH,2011,8,351078,345010,696088,139530,127583,267113,490608,472593,963201
PROSERPINE,2011,8,9402,9331,18733,0,0,0,9402,9331,18733
ROCKHAMPTON,2011,8,32043,32844,64887,0,0,0,32043,32844,64887
SUNSHINE COAST,2011,8,31928,32338,64266,0,0,0,31928,32338,64266
SYDNEY,2011,8,1010698,993479,2004177,462526,475601,938127,1473224,1469080,2942304
TOWNSVILLE,2011,8,70256,72262,142518,400,340,740,70656,72602,143258
ADELAIDE,2011,9,262527,261455,523982,25906,25166,51072,288433,286621,575054
ALICE SPRINGS,2011,9,24025,23684,47709,0,0,0,24025,23684,47709
All Australian Airports,2011,9,4547061,4547061,9094122,1167424,1234511,2401935,5714485,5781572,11496057
BALLINA,2011,9,14019,13116,27135,0,0,0,14019,13116,27135
BRISBANE,2011,9,707665,694602,1402267,191295,200297,391592,898960,894899,1793859
CAIRNS,2011,9,152813,144176,296989,23082,24708,47790,175895,168884,344779
CANBERRA,2011,9,141455,142946,284401,0,0,0,141455,142946,284401
DARWIN,2011,9,75252,74344,149596,14384,16426,30810,89636,90770,180406
GOLD COAST,2011,9,194819,184970,379789,24972,28808,53780,219791,213778,433569
HOBART,2011,9,74384,66544,140928,0,0,0,74384,66544,140928
KARRATHA,2011,9,32822,34030,66852,0,0,0,32822,34030,66852
LAUNCESTON,2011,9,46117,40861,86978,0,0,0,46117,40861,86978
MACKAY,2011,9,48453,49173,97626,0,0,0,48453,49173,97626
MELBOURNE,2011,9,862222,882369,1744591,263756,282047,545803,1125978,1164416,2290394
NEWCASTLE,2011,9,50244,51041,101285,0,0,0,50244,51041,101285
PERTH,2011,9,346669,345169,691838,140559,144486,285045,487228,489655,976883
PROSERPINE,2011,9,9391,9255,18646,0,0,0,9391,9255,18646
ROCKHAMPTON,2011,9,33314,33530,66844,0,0,0,33314,33530,66844
SUNSHINE COAST,2011,9,36209,33826,70035,0,0,0,36209,33826,70035
SYDNEY,2011,9,993432,1015818,2009250,482585,511900,994485,1476017,1527718,3003735
TOWNSVILLE,2011,9,70603,72577,143180,476,290,766,71079,72867,143946
ADELAIDE,2011,10,278028,273082,551110,28930,23095,52025,306958,296177,603135
ALICE SPRINGS,2011,10,25872,27011,52883,0,0,0,25872,27011,52883
All Australian Airports,2011,10,4691316,4691316,9382632,1356836,1119499,2476335,6048152,5810815,11858967
BALLINA,2011,10,13536,14114,27650,0,0,0,13536,14114,27650
BRISBANE,2011,10,711157,722627,1433784,216988,183402,400390,928145,906029,1834174
CAIRNS,2011,10,152406,159147,311553,23564,21727,45291,175970,180874,356844
CANBERRA,2011,10,138124,134276,272400,0,0,0,138124,134276,272400
DARWIN,2011,10,73744,76541,150285,16324,16065,32389,90068,92606,182674
GOLD COAST,2011,10,201561,206303,407864,31390,28441,59831,232951,234744,467695
HOBART,2011,10,74678,75770,150448,0,0,0,74678,75770,150448
KARRATHA,2011,10,32702,32386,65088,0,0,0,32702,32386,65088
LAUNCESTON,2011,10,45806,45459,91265,0,0,0,45806,45459,91265
MACKAY,2011,10,50403,50341,100744,0,0,0,50403,50341,100744
MELBOURNE,2011,10,933886,910870,1844756,306328,247114,553442,1240214,1157984,2398198
NEWCASTLE,2011,10,54573,54387,108960,0,0,0,54573,54387,108960
PERTH,2011,10,352748,356350,709098,165756,135565,301321,518504,491915,1010419
PROSERPINE,2011,10,9297,10130,19427,0,0,0,9297,10130,19427
ROCKHAMPTON,2011,10,33143,33017,66160,0,0,0,33143,33017,66160
SUNSHINE COAST,2011,10,34464,36932,71396,0,0,0,34464,36932,71396
SYDNEY,2011,10,1032168,1027640,2059808,566982,463447,1030429,1599150,1491087,3090237
TOWNSVILLE,2011,10,69682,69745,139427,15,87,102,69697,69832,139529
ADELAIDE,2011,11,264907,266632,531539,24604,23324,47928,289511,289956,579467
ALICE SPRINGS,2011,11,23984,25019,49003,0,0,0,23984,25019,49003
All Australian Airports,2011,11,4577231,4577231,9154462,1141680,1161292,2302972,5718911,5738523,11457434
BALLINA,2011,11,13089,13060,26149,0,0,0,13089,13060,26149
BRISBANE,2011,11,687385,697645,1385030,177310,187609,364919,864695,885254,1749949
CAIRNS,2011,11,136771,140387,277158,19625,19528,39153,156396,159915,316311
CANBERRA,2011,11,140335,138342,278677,0,0,0,140335,138342,278677
DARWIN,2011,11,65748,66109,131857,14519,16635,31154,80267,82744,163011
GOLD COAST,2011,11,192047,193521,385568,28281,30597,58878,220328,224118,444446
HOBART,2011,11,76263,76813,153076,0,0,0,76263,76813,153076
KARRATHA,2011,11,36031,34173,70204,0,0,0,36031,34173,70204
LAUNCESTON,2011,11,48217,48249,96466,0,0,0,48217,48249,96466
MACKAY,2011,11,47259,47269,94528,0,0,0,47259,47269,94528
MELBOURNE,2011,11,903717,890863,1794580,267990,269556,537546,1171707,1160419,2332126
NEWCASTLE,2011,11,50645,51015,101660,0,0,0,50645,51015,101660
PERTH,2011,11,358408,357742,716150,137757,132561,270318,496165,490303,986468
PROSERPINE,2011,11,8801,9178,17979,0,0,0,8801,9178,17979
ROCKHAMPTON,2011,11,31283,31933,63216,0,0,0,31283,31933,63216
SUNSHINE COAST,2011,11,31538,33287,64825,0,0,0,31538,33287,64825
SYDNEY,2011,11,1023583,1019531,2043114,471165,480997,952162,1494748,1500528,2995276
TOWNSVILLE,2011,11,65601,67450,133051,0,0,0,65601,67450,133051
ADELAIDE,2011,12,262361,260566,522927,26035,31216,57251,288396,291782,580178
ALICE SPRINGS,2011,12,20979,24076,45055,0,0,0,20979,24076,45055
All Australian Airports,2011,12,4555214,4555214,9110428,1219820,1451279,2671099,5775034,6006493,11781527
BALLINA,2011,12,15756,15002,30758,0,0,0,15756,15002,30758
BRISBANE,2011,12,713241,694743,1407984,196012,225920,421932,909253,920663,1829916
CAIRNS,2011,12,141033,136042,277075,20453,20258,40711,161486,156300,317786
CANBERRA,2011,12,121309,130966,252275,0,0,0,121309,130966,252275
DARWIN,2011,12,62272,70843,133115,12214,20078,32292,74486,90921,165407
GOLD COAST,2011,12,211701,198065,409766,31054,38503,69557,242755,236568,479323
HOBART,2011,12,89010,78048,167058,0,0,0,89010,78048,167058
KARRATHA,2011,12,25815,36053,61868,0,0,0,25815,36053,61868
LAUNCESTON,2011,12,59112,48529,107641,0,0,0,59112,48529,107641
MACKAY,2011,12,43936,48241,92177,0,0,0,43936,48241,92177
MELBOURNE,2011,12,879421,910582,1790003,281266,344223,625489,1160687,1254805,2415492
NEWCASTLE,2011,12,51083,49724,100807,0,0,0,51083,49724,100807
PERTH,2011,12,360465,347593,708058,136199,175818,312017,496664,523411,1020075
PROSERPINE,2011,12,8660,8846,17506,0,0,0,8660,8846,17506
ROCKHAMPTON,2011,12,29789,31185,60974,0,0,0,29789,31185,60974
SUNSHINE COAST,2011,12,36982,34648,71630,0,0,0,36982,34648,71630
SYDNEY,2011,12,1023737,1010189,2033926,516227,594998,1111225,1539964,1605187,3145151
TOWNSVILLE,2011,12,66509,71194,137703,0,0,0,66509,71194,137703
ADELAIDE,2012,1,258727,260757,519484,34486,27251,61737,293213,288008,581221
ALICE SPRINGS,2012,1,22470,20748,43218,0,0,0,22470,20748,43218
All Australian Airports,2012,1,4472116,4472116,8944232,1522951,1280575,2803526,5995067,5752691,11747758
BALLINA,2012,1,17159,18871,36030,0,0,0,17159,18871,36030
BRISBANE,2012,1,652897,672445,1325342,230713,186380,417093,883610,858825,1742435
CAIRNS,2012,1,137858,145152,283010,20310,19523,39833,158168,164675,322843
CANBERRA,2012,1,109033,99199,208232,0,0,0,109033,99199,208232
DARWIN,2012,1,67240,59006,126246,19497,14371,33868,86737,73377,160114
GOLD COAST,2012,1,218113,225797,443910,37778,34394,72172,255891,260191,516082
HOBART,2012,1,84357,97944,182301,0,0,0,84357,97944,182301
KARRATHA,2012,1,35138,26597,61735,0,0,0,35138,26597,61735
LAUNCESTON,2012,1,51723,62066,113789,0,0,0,51723,62066,113789
MACKAY,2012,1,45112,41376,86488,0,0,0,45112,41376,86488
MELBOURNE,2012,1,926139,886181,1812320,354018,306119,660137,1280157,1192300,2472457
NEWCASTLE,2012,1,49790,51020,100810,0,0,0,49790,51020,100810
PERTH,2012,1,352760,360850,713610,188945,147847,336792,541705,508697,1050402
PROSERPINE,2012,1,8341,9156,17497,0,0,0,8341,9156,17497
ROCKHAMPTON,2012,1,28848,26683,55531,0,0,0,28848,26683,55531
SUNSHINE COAST,2012,1,38159,41261,79420,0,0,0,38159,41261,79420
SYDNEY,2012,1,976748,994534,1971282,636764,544134,1180898,1613512,1538668,3152180
TOWNSVILLE,2012,1,62176,57171,119347,0,0,0,62176,57171,119347
ADELAIDE,2012,2,250287,241533,491820,26957,20520,47477,277244,262053,539297
ALICE SPRINGS,2012,2,20863,20782,41645,0,0,0,20863,20782,41645
All Australian Airports,2012,2,4121214,4121214,8242428,1202079,1018688,2220767,5323293,5139902,10463195
BALLINA,2012,2,11864,12078,23942,0,0,0,11864,12078,23942
BRISBANE,2012,2,598252,600302,1198554,171310,151617,322927,769562,751919,1521481
CAIRNS,2012,2,109778,114481,224259,19335,17247,36582,129113,131728,260841
CANBERRA,2012,2,121419,116842,238261,0,0,0,121419,116842,238261
DARWIN,2012,2,52961,54566,107527,13713,12071,25784,66674,66637,133311
GOLD COAST,2012,2,176145,181526,357671,31505,29558,61063,207650,211084,418734
HOBART,2012,2,78675,76620,155295,0,0,0,78675,76620,155295
KARRATHA,2012,2,32776,31847,64623,0,0,0,32776,31847,64623
LAUNCESTON,2012,2,47758,45556,93314,0,0,0,47758,45556,93314
MACKAY,2012,2,42412,43314,85726,0,0,0,42412,43314,85726
MELBOURNE,2012,2,830879,821103,1651982,291804,232419,524223,1122683,1053522,2176205
NEWCASTLE,2012,2,45246,45691,90937,0,0,0,45246,45691,90937
PERTH,2012,2,325182,329065,654247,144942,116154,261096,470124,445219,915343
PROSERPINE,2012,2,6920,7168,14088,0,0,0,6920,7168,14088
ROCKHAMPTON,2012,2,27803,28135,55938,0,0,0,27803,28135,55938
SUNSHINE COAST,2012,2,27076,27246,54322,0,0,0,27076,27246,54322
SYDNEY,2012,2,922882,932060,1854942,502187,438793,940980,1425069,1370853,2795922
TOWNSVILLE,2012,2,58957,58549,117506,0,0,0,58957,58549,117506
ADELAIDE,2012,3,277032,282302,559334,25746,25886,51632,302778,308188,610966
ALICE SPRINGS,2012,3,23600,23537,47137,0,0,0,23600,23537,47137
All Australian Airports,2012,3,4652634,4652634,9305268,1140970,1184391,2325361,5793604,5837025,11630629
BALLINA,2012,3,13097,13152,26249,0,0,0,13097,13152,26249
BRISBANE,2012,3,685394,684321,1369715,169085,171101,340186,854479,855422,1709901
CAIRNS,2012,3,129302,127120,256422,20417,20853,41270,149719,147973,297692
CANBERRA,2012,3,141394,144121,285515,0,0,0,141394,144121,285515
DARWIN,2012,3,62197,61057,123254,12657,13290,25947,74854,74347,149201
GOLD COAST,2012,3,198257,194928,393185,31081,32987,64068,229338,227915,457253
HOBART,2012,3,81410,84749,166159,0,0,0,81410,84749,166159
KARRATHA,2012,3,33169,34540,67709,0,0,0,33169,34540,67709
LAUNCESTON,2012,3,49930,51415,101345,0,0,0,49930,51415,101345
MACKAY,2012,3,46348,47723,94071,0,0,0,46348,47723,94071
MELBOURNE,2012,3,932200,936193,1868393,268269,279024,547293,1200469,1215217,2415686
NEWCASTLE,2012,3,52116,51954,104070,0,0,0,52116,51954,104070
PERTH,2012,3,372895,368765,741660,139493,142470,281963,512388,511235,1023623
PROSERPINE,2012,3,8938,8905,17843,0,0,0,8938,8905,17843
ROCKHAMPTON,2012,3,31965,32723,64688,0,0,0,31965,32723,64688
SUNSHINE COAST,2012,3,30082,29475,59557,0,0,0,30082,29475,59557
SYDNEY,2012,3,1045541,1031426,2076967,473869,498448,972317,1519410,1529874,3049284
TOWNSVILLE,2012,3,65382,67338,132720,0,0,0,65382,67338,132720
ADELAIDE,2012,4,264048,267193,531241,25399,26317,51716,289447,293510,582957
ALICE SPRINGS,2012,4,23679,23832,47511,0,0,0,23679,23832,47511
All Australian Airports,2012,4,4528895,4528895,9057790,1176642,1202602,2379244,5705537,5731497,11437034
BALLINA,2012,4,14958,15119,30077,0,0,0,14958,15119,30077
BRISBANE,2012,4,672498,672012,1344510,180955,181959,362914,853453,853971,1707424
CAIRNS,2012,4,143393,143788,287181,19108,19012,38120,162501,162800,325301
CANBERRA,2012,4,126610,127383,253993,0,0,0,126610,127383,253993
DARWIN,2012,4,66467,64025,130492,13086,14062,27148,79553,78087,157640
GOLD COAST,2012,4,193298,198991,392289,30159,28698,58857,223457,227689,451146
HOBART,2012,4,75329,78629,153958,0,0,0,75329,78629,153958
KARRATHA,2012,4,32696,32413,65109,0,0,0,32696,32413,65109
LAUNCESTON,2012,4,47943,49440,97383,0,0,0,47943,49440,97383
MACKAY,2012,4,46513,45629,92142,0,0,0,46513,45629,92142
MELBOURNE,2012,4,897991,892848,1790839,266969,271006,537975,1164960,1163854,2328814
NEWCASTLE,2012,4,48292,48472,96764,0,0,0,48292,48472,96764
PERTH,2012,4,369818,366259,736077,146446,153732,300178,516264,519991,1036255
PROSERPINE,2012,4,9609,9807,19416,0,0,0,9609,9807,19416
ROCKHAMPTON,2012,4,29104,28659,57763,0,0,0,29104,28659,57763
SUNSHINE COAST,2012,4,32772,32788,65560,0,0,0,32772,32788,65560
SYDNEY,2012,4,1002005,1002316,2004321,493981,507349,1001330,1495986,1509665,3005651
TOWNSVILLE,2012,4,67048,64734,131782,0,0,0,67048,64734,131782
ADELAIDE,2012,5,261753,264360,526113,20661,24575,45236,282414,288935,571349
ALICE SPRINGS,2012,5,22917,23013,45930,0,0,0,22917,23013,45930
All Australian Airports,2012,5,4459804,4459804,8919608,1001277,1097826,2099103,5461081,5557630,11018711
BALLINA,2012,5,12359,12738,25097,0,0,0,12359,12738,25097
BRISBANE,2012,5,670557,669601,1340158,157384,162873,320257,827941,832474,1660415
CAIRNS,2012,5,137338,134226,271564,17032,18281,35313,154370,152507,306877
CANBERRA,2012,5,133853,135314,269167,0,0,0,133853,135314,269167
DARWIN,2012,5,67500,65899,133399,12099,12321,24420,79599,78220,157819
GOLD COAST,2012,5,169383,168416,337799,24579,24653,49232,193962,193069,387031
HOBART,2012,5,66036,73834,139870,0,0,0,66036,73834,139870
KARRATHA,2012,5,35798,35628,71426,0,0,0,35798,35628,71426
LAUNCESTON,2012,5,40869,46309,87178,0,0,0,40869,46309,87178
MACKAY,2012,5,48281,48824,97105,0,0,0,48281,48824,97105
MELBOURNE,2012,5,874047,871643,1745690,230069,259264,489333,1104116,1130907,2235023
NEWCASTLE,2012,5,49194,49299,98493,0,0,0,49194,49299,98493
PERTH,2012,5,368165,369693,737858,123171,135126,258297,491336,504819,996155
PROSERPINE,2012,5,8904,8908,17812,0,0,0,8904,8908,17812
ROCKHAMPTON,2012,5,32553,33000,65553,0,0,0,32553,33000,65553
SUNSHINE COAST,2012,5,28420,29068,57488,0,0,0,28420,29068,57488
SYDNEY,2012,5,986288,970793,1957081,415903,460344,876247,1402191,1431137,2833328
TOWNSVILLE,2012,5,68538,68825,137363,0,0,0,68538,68825,137363
ADELAIDE,2012,6,243743,249972,493715,23206,26101,49307,266949,276073,543022
ALICE SPRINGS,2012,6,23945,24280,48225,0,0,0,23945,24280,48225
All Australian Airports,2012,6,4355301,4355301,8710602,1093857,1267331,2361188,5449158,5622632,11071790
BALLINA,2012,6,12002,11339,23341,0,0,0,12002,11339,23341
BRISBANE,2012,6,658058,664158,1322216,178946,191999,370945,837004,856157,1693161
CAIRNS,2012,6,154180,144376,298556,18641,19582,38223,172821,163958,336779
CANBERRA,2012,6,125070,126912,251982,0,0,0,125070,126912,251982
DARWIN,2012,6,77490,71660,149150,12603,15897,28500,90093,87557,177650
GOLD COAST,2012,6,173581,169033,342614,29426,32750,62176,203007,201783,404790
HOBART,2012,6,69742,64966,134708,0,0,0,69742,64966,134708
KARRATHA,2012,6,33144,33878,67022,0,0,0,33144,33878,67022
LAUNCESTON,2012,6,43447,41580,85027,0,0,0,43447,41580,85027
MACKAY,2012,6,48241,48828,97069,0,0,0,48241,48828,97069
MELBOURNE,2012,6,836515,858023,1694538,248038,295361,543399,1084553,1153384,2237937
NEWCASTLE,2012,6,45024,45769,90793,0,0,0,45024,45769,90793
PERTH,2012,6,360736,354342,715078,134790,154268,289058,495526,508610,1004136
PROSERPINE,2012,6,9301,9162,18463,0,0,0,9301,9162,18463
ROCKHAMPTON,2012,6,30958,31209,62167,0,0,0,30958,31209,62167
SUNSHINE COAST,2012,6,28911,27169,56080,0,0,0,28911,27169,56080
SYDNEY,2012,6,946941,943508,1890449,447918,531028,978946,1394859,1474536,2869395
TOWNSVILLE,2012,6,69123,69402,138525,0,0,0,69123,69402,138525
ADELAIDE,2012,7,275669,269885,545554,31466,24802,56268,307135,294687,601822
ALICE SPRINGS,2012,7,27303,27817,55120,0,0,0,27303,27817,55120
All Australian Airports,2012,7,4838402,4838402,9676804,1411426,1183757,2595183,6249828,6022159,12271987
BALLINA,2012,7,13998,14481,28479,0,0,0,13998,14481,28479
BRISBANE,2012,7,733530,726697,1460227,220763,184288,405051,954293,910985,1865278
CAIRNS,2012,7,174535,179859,354394,24553,20007,44560,199088,199866,398954
CANBERRA,2012,7,131577,128069,259646,0,0,0,131577,128069,259646
DARWIN,2012,7,84659,87196,171855,17574,15555,33129,102233,102751,204984
GOLD COAST,2012,7,203728,206186,409914,40614,34658,75272,244342,240844,485186
HOBART,2012,7,69699,70926,140625,0,0,0,69699,70926,140625
KARRATHA,2012,7,36532,35987,72519,0,0,0,36532,35987,72519
LAUNCESTON,2012,7,41448,42325,83773,0,0,0,41448,42325,83773
MACKAY,2012,7,49974,48864,98838,0,0,0,49974,48864,98838
MELBOURNE,2012,7,953894,944955,1898849,316164,261920,578084,1270058,1206875,2476933
NEWCASTLE,2012,7,49547,49194,98741,0,0,0,49547,49194,98741
PERTH,2012,7,398586,400597,799183,173443,149645,323088,572029,550242,1122271
PROSERPINE,2012,7,10319,11294,21613,0,0,0,10319,11294,21613
ROCKHAMPTON,2012,7,33126,32867,65993,0,0,0,33126,32867,65993
SUNSHINE COAST,2012,7,33872,33736,67608,1229,1055,2284,35101,34791,69892
SYDNEY,2012,7,1049721,1064864,2114585,585208,491435,1076643,1634929,1556299,3191228
TOWNSVILLE,2012,7,74222,72849,147071,0,0,0,74222,72849,147071
ADELAIDE,2012,8,263168,265243,528411,24624,24733,49357,287792,289976,577768
ALICE SPRINGS,2012,8,25850,26622,52472,0,0,0,25850,26622,52472
All Australian Airports,2012,8,4753529,4753529,9507058,1191135,1227542,2418677,5944664,5981071,11925735
BALLINA,2012,8,13031,13376,26407,0,0,0,13031,13376,26407
BRISBANE,2012,8,720138,712978,1433116,183399,190788,374187,903537,903766,1807303
CAIRNS,2012,8,161718,168050,329768,25790,27104,52894,187508,195154,382662
CANBERRA,2012,8,131733,133657,265390,0,0,0,131733,133657,265390
DARWIN,2012,8,76367,79740,156107,13355,14200,27555,89722,93940,183662
GOLD COAST,2012,8,193980,195043,389023,36010,37046,73056,229990,232089,462079
HOBART,2012,8,69350,70866,140216,0,0,0,69350,70866,140216
KARRATHA,2012,8,35698,37034,72732,0,0,0,35698,37034,72732
LAUNCESTON,2012,8,43558,44731,88289,0,0,0,43558,44731,88289
MACKAY,2012,8,47780,48839,96619,0,0,0,47780,48839,96619
MELBOURNE,2012,8,935216,929624,1864840,271345,275906,547251,1206561,1205530,2412091
NEWCASTLE,2012,8,47917,48401,96318,0,0,0,47917,48401,96318
PERTH,2012,8,387883,387138,775021,144289,142521,286810,532172,529659,1061831
PROSERPINE,2012,8,10138,10349,20487,0,0,0,10138,10349,20487
ROCKHAMPTON,2012,8,31761,32897,64658,0,0,0,31761,32897,64658
SUNSHINE COAST,2012,8,29763,29595,59358,1029,1003,2032,30792,30598,61390
SYDNEY,2012,8,1060628,1041343,2101971,490990,513955,1004945,1551618,1555298,3106916
TOWNSVILLE,2012,8,68534,70183,138717,0,0,0,68534,70183,138717
ADELAIDE,2012,9,269802,270676,540478,27126,27912,55038,296928,298588,595516
ALICE SPRINGS,2012,9,25643,25766,51409,0,0,0,25643,25766,51409
All Australian Airports,2012,9,4787153,4787153,9574306,1241037,1291879,2532916,6028190,6079032,12107222
BALLINA,2012,9,15200,14538,29738,0,0,0,15200,14538,29738
BRISBANE,2012,9,719914,713252,1433166,191827,196811,388638,911741,910063,1821804
CAIRNS,2012,9,162460,154247,316707,22772,24224,46996,185232,178471,363703
CANBERRA,2012,9,128890,130406,259296,0,0,0,128890,130406,259296
DARWIN,2012,9,69738,71077,140815,12534,12692,25226,82272,83769,166041
GOLD COAST,2012,9,227752,215788,443540,33105,38179,71284,260857,253967,514824
HOBART,2012,9,82379,73729,156108,0,0,0,82379,73729,156108
KARRATHA,2012,9,33535,34048,67583,0,0,0,33535,34048,67583
LAUNCESTON,2012,9,51735,45363,97098,0,0,0,51735,45363,97098
MACKAY,2012,9,47615,48248,95863,0,0,0,47615,48248,95863
MELBOURNE,2012,9,931489,954733,1886222,284472,291959,576431,1215961,1246692,2462653
NEWCASTLE,2012,9,49514,50569,100083,0,0,0,49514,50569,100083
PERTH,2012,9,384328,379508,763836,155108,155652,310760,539436,535160,1074596
PROSERPINE,2012,9,10437,10276,20713,0,0,0,10437,10276,20713
ROCKHAMPTON,2012,9,31267,31901,63168,0,0,0,31267,31901,63168
SUNSHINE COAST,2012,9,37430,35925,73355,606,791,1397,38036,36716,74752
SYDNEY,2012,9,1053607,1069913,2123520,512937,543135,1056072,1566544,1613048,3179592
TOWNSVILLE,2012,9,67250,68960,136210,0,0,0,67250,68960,136210
ADELAIDE,2012,10,287626,281100,568726,30722,22970,53692,318348,304070,622418
ALICE SPRINGS,2012,10,26322,26665,52987,0,0,0,26322,26665,52987
All Australian Airports,2012,10,5039916,5039916,10079832,1410564,1162152,2572716,6450480,6202068,12652548
BALLINA,2012,10,15682,16492,32174,0,0,0,15682,16492,32174
BRISBANE,2012,10,755041,759021,1514062,212706,180386,393092,967747,939407,1907154
CAIRNS,2012,10,166184,177593,343777,23142,20398,43540,189326,197991,387317
CANBERRA,2012,10,138679,130767,269446,0,0,0,138679,130767,269446
DARWIN,2012,10,63603,70040,133643,14405,12751,27156,78008,82791,160799
GOLD COAST,2012,10,226551,236294,462845,39394,36229,75623,265945,272523,538468
HOBART,2012,10,81473,84636,166109,0,0,0,81473,84636,166109
KARRATHA,2012,10,38291,37031,75322,0,0,0,38291,37031,75322
LAUNCESTON,2012,10,48500,50236,98736,0,0,0,48500,50236,98736
MACKAY,2012,10,49865,48668,98533,0,0,0,49865,48668,98533
MELBOURNE,2012,10,1002582,981939,1984521,323971,261191,585162,1326553,1243130,2569683
NEWCASTLE,2012,10,52465,52025,104490,0,0,0,52465,52025,104490
PERTH,2012,10,413707,419032,832739,183232,146786,330018,596939,565818,1162757
PROSERPINE,2012,10,10843,11896,22739,0,0,0,10843,11896,22739
ROCKHAMPTON,2012,10,33144,32818,65962,0,0,0,33144,32818,65962
SUNSHINE COAST,2012,10,35579,37586,73165,0,0,0,35579,37586,73165
SYDNEY,2012,10,1111778,1107024,2218802,582555,480934,1063489,1694333,1587958,3282291
TOWNSVILLE,2012,10,72062,71252,143314,0,0,0,72062,71252,143314
ADELAIDE,2012,11,285081,283544,568625,28453,30172,58625,313534,313716,627250
ALICE SPRINGS,2012,11,24611,25638,50249,0,0,0,24611,25638,50249
All Australian Airports,2012,11,4897939,4897939,9795878,1206638,1244036,2450674,6104577,6141975,12246552
BALLINA,2012,11,15070,15099,30169,0,0,0,15070,15099,30169
BRISBANE,2012,11,722127,720893,1443020,175100,184029,359129,897227,904922,1802149
CAIRNS,2012,11,151728,157888,309616,23103,23068,46171,174831,180956,355787
CANBERRA,2012,11,135284,135565,270849,0,0,0,135284,135565,270849
DARWIN,2012,11,58263,61692,119955,11167,12510,23677,69430,74202,143632
GOLD COAST,2012,11,213335,215989,429324,35806,36323,72129,249141,252312,501453
HOBART,2012,11,91650,90863,182513,0,0,0,91650,90863,182513
KARRATHA,2012,11,35586,35948,71534,0,0,0,35586,35948,71534
LAUNCESTON,2012,11,54220,53079,107299,0,0,0,54220,53079,107299
MACKAY,2012,11,44720,45921,90641,0,0,0,44720,45921,90641
MELBOURNE,2012,11,1003285,988212,1991497,281637,289422,571059,1284922,1277634,2562556
NEWCASTLE,2012,11,51326,51672,102998,0,0,0,51326,51672,102998
PERTH,2012,11,386062,384542,770604,147270,146048,293318,533332,530590,1063922
PROSERPINE,2012,11,10473,11118,21591,0,0,0,10473,11118,21591
ROCKHAMPTON,2012,11,29891,31469,61360,0,0,0,29891,31469,61360
SUNSHINE COAST,2012,11,34918,36027,70945,0,0,0,34918,36027,70945
SYDNEY,2012,11,1098924,1093331,2192255,503626,522024,1025650,1602550,1615355,3217905
TOWNSVILLE,2012,11,65396,67853,133249,0,0,0,65396,67853,133249
ADELAIDE,2012,12,271564,271750,543314,31996,37996,69992,303560,309746,613306
ALICE SPRINGS,2012,12,20461,23388,43849,0,0,0,20461,23388,43849
All Australian Airports,2012,12,4745326,4745326,9490652,1314757,1534880,2849637,6060083,6280206,12340289
BALLINA,2012,12,17720,16588,34308,0,0,0,17720,16588,34308
BRISBANE,2012,12,717679,699584,1417263,200049,216945,416994,917728,916529,1834257
CAIRNS,2012,12,150197,143744,293941,23186,24671,47857,173383,168415,341798
CANBERRA,2012,12,113399,120717,234116,0,0,0,113399,120717,234116
DARWIN,2012,12,54027,65608,119635,9045,17259,26304,63072,82867,145939
GOLD COAST,2012,12,230683,222088,452771,39944,49548,89492,270627,271636,542263
HOBART,2012,12,108100,93064,201164,0,0,0,108100,93064,201164
KARRATHA,2012,12,26940,34161,61101,0,0,0,26940,34161,61101
LAUNCESTON,2012,12,64723,54319,119042,0,0,0,64723,54319,119042
MACKAY,2012,12,44976,48172,93148,0,0,0,44976,48172,93148
MELBOURNE,2012,12,939234,969425,1908659,302814,356081,658895,1242048,1325506,2567554
NEWCASTLE,2012,12,50780,49146,99926,0,0,0,50780,49146,99926
PERTH,2012,12,380373,379285,759658,150447,196943,347390,530820,576228,1107048
PROSERPINE,2012,12,10298,10253,20551,0,0,0,10298,10253,20551
ROCKHAMPTON,2012,12,28130,29566,57696,0,0,0,28130,29566,57696
SUNSHINE COAST,2012,12,37389,35415,72804,0,0,0,37389,35415,72804
SYDNEY,2012,12,1078993,1053709,2132702,556732,634944,1191676,1635725,1688653,3324378
TOWNSVILLE,2012,12,64520,69414,133934,0,0,0,64520,69414,133934
ADELAIDE,2013,1,262467,266159,528626,39912,30336,70248,302379,296495,598874
ALICE SPRINGS,2013,1,22368,20136,42504,0,0,0,22368,20136,42504
All Australian Airports,2013,1,4627987,4627987,9255974,1571356,1316140,2887496,6199343,5944127,12143470
BALLINA,2013,1,17319,19332,36651,0,0,0,17319,19332,36651
BRISBANE,2013,1,654088,674779,1328867,222033,181468,403501,876121,856247,1732368
CAIRNS,2013,1,139922,152258,292180,23084,21479,44563,163006,173737,336743
CANBERRA,2013,1,103477,94142,197619,0,0,0,103477,94142,197619
DARWIN,2013,1,61119,55393,116512,15897,12096,27993,77016,67489,144505
GOLD COAST,2013,1,227975,237676,465651,46240,41993,88233,274215,279669,553884
HOBART,2013,1,95467,112438,207905,0,0,0,95467,112438,207905
KARRATHA,2013,1,36313,28259,64572,0,0,0,36313,28259,64572
LAUNCESTON,2013,1,59195,68212,127407,0,0,0,59195,68212,127407
MACKAY,2013,1,46854,43565,90419,0,0,0,46854,43565,90419
MELBOURNE,2013,1,980802,928327,1909129,363773,309819,673592,1344575,1238146,2582721
NEWCASTLE,2013,1,48720,49719,98439,0,0,0,48720,49719,98439
PERTH,2013,1,373730,383134,756864,208925,159037,367962,582655,542171,1124826
PROSERPINE,2013,1,9638,10945,20583,0,0,0,9638,10945,20583
ROCKHAMPTON,2013,1,26053,25068,51121,0,0,0,26053,25068,51121
SUNSHINE COAST,2013,1,36254,38189,74443,0,0,0,36254,38189,74443
SYDNEY,2013,1,1021964,1040218,2062182,651121,559445,1210566,1673085,1599663,3272748
TOWNSVILLE,2013,1,61932,56480,118412,0,0,0,61932,56480,118412
ADELAIDE,2013,2,245055,237296,482351,32894,25038,57932,277949,262334,540283
ALICE SPRINGS,2013,2,19508,19600,39108,0,0,0,19508,19600,39108
All Australian Airports,2013,2,4128365,4128365,8256730,1235881,1077428,2313309,5364246,5205793,10570039
BALLINA,2013,2,11303,11795,23098,0,0,0,11303,11795,23098
BRISBANE,2013,2,600209,600660,1200869,176148,156465,332613,776357,757125,1533482
CAIRNS,2013,2,123938,128914,252852,21829,20189,42018,145767,149103,294870
CANBERRA,2013,2,113732,110963,224695,0,0,0,113732,110963,224695
DARWIN,2013,2,44801,49809,94610,11276,10209,21485,56077,60018,116095
GOLD COAST,2013,2,176245,181560,357805,37372,33017,70389,213617,214577,428194
HOBART,2013,2,84575,84478,169053,0,0,0,84575,84478,169053
KARRATHA,2013,2,28156,28674,56830,0,0,0,28156,28674,56830
LAUNCESTON,2013,2,51614,49824,101438,0,0,0,51614,49824,101438
MACKAY,2013,2,39587,40893,80480,0,0,0,39587,40893,80480
MELBOURNE,2013,2,857315,842347,1699662,290165,245270,535435,1147480,1087617,2235097
NEWCASTLE,2013,2,43551,44133,87684,0,0,0,43551,44133,87684
PERTH,2013,2,322002,320456,642458,152007,126370,278377,474009,446826,920835
PROSERPINE,2013,2,7633,8097,15730,0,0,0,7633,8097,15730
ROCKHAMPTON,2013,2,23351,23878,47229,0,0,0,23351,23878,47229
SUNSHINE COAST,2013,2,24714,24656,49370,0,0,0,24714,24656,49370
SYDNEY,2013,2,938481,940265,1878746,513791,460487,974278,1452272,1400752,2853024
TOWNSVILLE,2013,2,53701,53918,107619,0,0,0,53701,53918,107619
ADELAIDE,2013,3,282049,284894,566943,30633,30591,61224,312682,315485,628167
ALICE SPRINGS,2013,3,23736,23606,47342,0,0,0,23736,23606,47342
All Australian Airports,2013,3,4724011,4724011,9448022,1225650,1271601,2497251,5949661,5995612,11945273
BALLINA,2013,3,14423,13705,28128,0,0,0,14423,13705,28128
BRISBANE,2013,3,676094,669643,1345737,180132,184082,364214,856226,853725,1709951
CAIRNS,2013,3,133590,128582,262172,21533,21190,42723,155123,149772,304895
CANBERRA,2013,3,134918,136345,271263,0,0,0,134918,136345,271263
DARWIN,2013,3,62874,60702,123576,11665,12739,24404,74539,73441,147980
GOLD COAST,2013,3,201349,198297,399646,37409,39839,77248,238758,238136,476894
HOBART,2013,3,96515,95278,191793,0,0,0,96515,95278,191793
KARRATHA,2013,3,34364,33386,67750,0,0,0,34364,33386,67750
LAUNCESTON,2013,3,58097,57203,115300,0,0,0,58097,57203,115300
MACKAY,2013,3,45497,46520,92017,0,0,0,45497,46520,92017
MELBOURNE,2013,3,958278,995662,1953940,284291,298294,582585,1242569,1293956,2536525
NEWCASTLE,2013,3,51331,50302,101633,0,0,0,51331,50302,101633
PERTH,2013,3,381463,380000,761463,151995,151384,303379,533458,531384,1064842
PROSERPINE,2013,3,8850,8511,17361,0,0,0,8850,8511,17361
ROCKHAMPTON,2013,3,29902,30033,59935,0,0,0,29902,30033,59935
SUNSHINE COAST,2013,3,32048,30913,62961,0,0,0,32048,30913,62961
SYDNEY,2013,3,1063795,1050688,2114483,507531,532984,1040515,1571326,1583672,3154998
TOWNSVILLE,2013,3,61612,61684,123296,0,0,0,61612,61684,123296
ADELAIDE,2013,4,280700,287113,567813,30059,33507,63566,310759,320620,631379
ALICE SPRINGS,2013,4,26468,26424,52892,0,0,0,26468,26424,52892
All Australian Airports,2013,4,4728603,4728603,9457206,1215952,1233982,2449934,5944555,5962585,11907140
BALLINA,2013,4,16197,17705,33902,0,0,0,16197,17705,33902
BRISBANE,2013,4,682036,674360,1356396,183072,174775,357847,865108,849135,1714243
CAIRNS,2013,4,144224,151242,295466,18953,18806,37759,163177,170048,333225
CANBERRA,2013,4,124558,124378,248936,0,0,0,124558,124378,248936
DARWIN,2013,4,68296,65263,133559,13150,13090,26240,81446,78353,159799
GOLD COAST,2013,4,202809,210613,413422,34455,31352,65807,237264,241965,479229
HOBART,2013,4,83602,94754,178356,0,0,0,83602,94754,178356
KARRATHA,2013,4,35446,34139,69585,0,0,0,35446,34139,69585
LAUNCESTON,2013,4,53606,58484,112090,0,0,0,53606,58484,112090
MACKAY,2013,4,48044,46532,94576,0,0,0,48044,46532,94576
MELBOURNE,2013,4,957148,924505,1881653,284224,278932,563156,1241372,1203437,2444809
NEWCASTLE,2013,4,50378,51919,102297,0,0,0,50378,51919,102297
PERTH,2013,4,381375,393724,775099,143640,162889,306529,525015,556613,1081628
PROSERPINE,2013,4,9351,9764,19115,0,0,0,9351,9764,19115
ROCKHAMPTON,2013,4,30121,29482,59603,0,0,0,30121,29482,59603
SUNSHINE COAST,2013,4,36161,37327,73488,0,0,0,36161,37327,73488
SYDNEY,2013,4,1054470,1048890,2103360,507852,520156,1028008,1562322,1569046,3131368
TOWNSVILLE,2013,4,64547,62765,127312,0,0,0,64547,62765,127312
ADELAIDE,2013,5,259610,263814,523424,25232,29676,54908,284842,293490,578332
ALICE SPRINGS,2013,5,24656,25504,50160,0,0,0,24656,25504,50160
All Australian Airports,2013,5,4503041,4503041,9006082,1090305,1183884,2274189,5593346,5686925,11280271
BALLINA,2013,5,13735,13983,27718,0,0,0,13735,13983,27718
BRISBANE,2013,5,669358,667312,1336670,166381,173192,339573,835739,840504,1676243
CAIRNS,2013,5,136268,134823,271091,15953,17390,33343,152221,152213,304434
CANBERRA,2013,5,129017,131160,260177,0,0,0,129017,131160,260177
DARWIN,2013,5,67684,64375,132059,11902,12238,24140,79586,76613,156199
GOLD COAST,2013,5,170309,172736,343045,30224,30757,60981,200533,203493,404026
HOBART,2013,5,74986,75030,150016,0,0,0,74986,75030,150016
KARRATHA,2013,5,35926,36065,71991,0,0,0,35926,36065,71991
LAUNCESTON,2013,5,44115,45232,89347,0,0,0,44115,45232,89347
MACKAY,2013,5,44764,45633,90397,0,0,0,44764,45633,90397
MELBOURNE,2013,5,889504,893160,1782664,247987,284390,532377,1137491,1177550,2315041
NEWCASTLE,2013,5,47199,47472,94671,0,0,0,47199,47472,94671
PERTH,2013,5,380024,373231,753255,144424,147124,291548,524448,520355,1044803
PROSERPINE,2013,5,8365,8543,16908,0,0,0,8365,8543,16908
ROCKHAMPTON,2013,5,28301,29182,57483,0,0,0,28301,29182,57483
SUNSHINE COAST,2013,5,29685,30278,59963,0,0,0,29685,30278,59963
SYDNEY,2013,5,1004327,991223,1995550,447696,488558,936254,1452023,1479781,2931804
TOWNSVILLE,2013,5,64213,64376,128589,0,0,0,64213,64376,128589
ADELAIDE,2013,6,249959,247004,496963,27642,30977,58619,277601,277981,555582
ALICE SPRINGS,2013,6,28988,28682,57670,0,0,0,28988,28682,57670
All Australian Airports,2013,6,4434939,4434939,8869878,1148699,1319217,2467916,5583638,5754156,11337794
BALLINA,2013,6,14258,14033,28291,0,0,0,14258,14033,28291
BRISBANE,2013,6,667894,684459,1352353,186576,201564,388140,854470,886023,1740493
CAIRNS,2013,6,165711,152438,318149,16920,18395,35315,182631,170833,353464
CANBERRA,2013,6,126482,126045,252527,0,0,0,126482,126045,252527
DARWIN,2013,6,75321,71874,147195,11490,14233,25723,86811,86107,172918
GOLD COAST,2013,6,178041,177383,355424,29774,33248,63022,207815,210631,418446
HOBART,2013,6,71412,71281,142693,0,0,0,71412,71281,142693
KARRATHA,2013,6,30804,33201,64005,0,0,0,30804,33201,64005
LAUNCESTON,2013,6,42376,40518,82894,0,0,0,42376,40518,82894
MACKAY,2013,6,47536,46864,94400,0,0,0,47536,46864,94400
MELBOURNE,2013,6,861377,881739,1743116,266815,316664,583479,1128192,1198403,2326595
NEWCASTLE,2013,6,45361,45416,90777,0,0,0,45361,45416,90777
PERTH,2013,6,357261,342828,700089,141523,160898,302421,498784,503726,1002510
PROSERPINE,2013,6,9031,8630,17661,0,0,0,9031,8630,17661
ROCKHAMPTON,2013,6,28477,28416,56893,0,0,0,28477,28416,56893
SUNSHINE COAST,2013,6,33169,31801,64970,511,329,840,33680,32130,65810
SYDNEY,2013,6,972477,974320,1946797,466995,542461,1009456,1439472,1516781,2956253
TOWNSVILLE,2013,6,65780,66216,131996,0,0,0,65780,66216,131996
ADELAIDE,2013,7,285287,290626,575913,38906,33858,72764,324193,324484,648677
ALICE SPRINGS,2013,7,33348,33403,66751,0,0,0,33348,33403,66751
All Australian Airports,2013,7,5052156,5052156,10104312,1502141,1293265,2795406,6554297,6345421,12899718
BALLINA,2013,7,16020,16237,32257,0,0,0,16020,16237,32257
BRISBANE,2013,7,762731,745224,1507955,234492,190947,425439,997223,936171,1933394
CAIRNS,2013,7,184689,193806,378495,24150,19409,43559,208839,213215,422054
CANBERRA,2013,7,128750,126930,255680,0,0,0,128750,126930,255680
DARWIN,2013,7,83656,88870,172526,17711,15892,33603,101367,104762,206129
GOLD COAST,2013,7,211763,213706,425469,38532,32125,70657,250295,245831,496126
HOBART,2013,7,81088,83784,164872,0,0,0,81088,83784,164872
KARRATHA,2013,7,35629,34747,70376,0,0,0,35629,34747,70376
LAUNCESTON,2013,7,48884,51918,100802,0,0,0,48884,51918,100802
MACKAY,2013,7,49174,49064,98238,0,0,0,49174,49064,98238
MELBOURNE,2013,7,1027044,1007540,2034584,350003,299718,649721,1377047,1307258,2684305
NEWCASTLE,2013,7,51960,52133,104093,0,0,0,51960,52133,104093
PERTH,2013,7,398806,412089,810895,187095,169847,356942,585901,581936,1167837
PROSERPINE,2013,7,10322,10873,21195,0,0,0,10322,10873,21195
ROCKHAMPTON,2013,7,32536,32135,64671,0,0,0,32536,32135,64671
SUNSHINE COAST,2013,7,37078,37819,74897,1162,1071,2233,38240,38890,77130
SYDNEY,2013,7,1101767,1102001,2203768,609690,529985,1139675,1711457,1631986,3343443
TOWNSVILLE,2013,7,75176,72844,148020,0,0,0,75176,72844,148020
ADELAIDE,2013,8,269836,269808,539644,33245,31092,64337,303081,300900,603981
ALICE SPRINGS,2013,8,31319,32960,64279,0,0,0,31319,32960,64279
All Australian Airports,2013,8,4845444,4845444,9690888,1305475,1338815,2644290,6150919,6184259,12335178
BALLINA,2013,8,14164,14148,28312,0,0,0,14164,14148,28312
BRISBANE,2013,8,729675,720843,1450518,202091,209981,412072,931766,930824,1862590
CAIRNS,2013,8,175719,181971,357690,24696,27564,52260,200415,209535,409950
CANBERRA,2013,8,126778,127395,254173,0,0,0,126778,127395,254173
DARWIN,2013,8,76499,84792,161291,14709,16044,30753,91208,100836,192044
GOLD COAST,2013,8,197325,199710,397035,35168,36545,71713,232493,236255,468748
HOBART,2013,8,79622,80027,159649,0,0,0,79622,80027,159649
KARRATHA,2013,8,30780,32734,63514,0,0,0,30780,32734,63514
LAUNCESTON,2013,8,47701,46349,94050,0,0,0,47701,46349,94050
MACKAY,2013,8,46550,47782,94332,0,0,0,46550,47782,94332
MELBOURNE,2013,8,978746,973072,1951818,309206,314962,624168,1287952,1288034,2575986
NEWCASTLE,2013,8,50219,50413,100632,0,0,0,50219,50413,100632
PERTH,2013,8,373945,373517,747462,161495,159005,320500,535440,532522,1067962
PROSERPINE,2013,8,10085,10227,20312,0,0,0,10085,10227,20312
ROCKHAMPTON,2013,8,30445,31810,62255,0,0,0,30445,31810,62255
SUNSHINE COAST,2013,8,36603,35762,72365,1044,982,2026,37647,36744,74391
SYDNEY,2013,8,1076609,1058103,2134712,523344,542194,1065538,1599953,1600297,3200250
TOWNSVILLE,2013,8,67861,69454,137315,0,0,0,67861,69454,137315
ADELAIDE,2013,9,272655,272652,545307,34517,35056,69573,307172,307708,614880
ALICE SPRINGS,2013,9,29908,29703,59611,0,0,0,29908,29703,59611
All Australian Airports,2013,9,4788515,4788515,9577030,1317813,1363172,2680985,6106328,6151687,12258015
BALLINA,2013,9,17534,16433,33967,0,0,0,17534,16433,33967
BRISBANE,2013,9,721283,714519,1435802,203232,209090,412322,924515,923609,1848124
CAIRNS,2013,9,174335,166530,340865,20101,21374,41475,194436,187904,382340
CANBERRA,2013,9,120563,122006,242569,0,0,0,120563,122006,242569
DARWIN,2013,9,74980,74520,149500,15175,14947,30122,90155,89467,179622
GOLD COAST,2013,9,220798,208414,429212,32323,36023,68346,253121,244437,497558
HOBART,2013,9,81809,78832,160641,0,0,0,81809,78832,160641
KARRATHA,2013,9,29965,30836,60801,0,0,0,29965,30836,60801
LAUNCESTON,2013,9,46688,46155,92843,0,0,0,46688,46155,92843
MACKAY,2013,9,46861,45849,92710,0,0,0,46861,45849,92710
MELBOURNE,2013,9,944229,957575,1901804,308437,314280,622717,1252666,1271855,2524521
NEWCASTLE,2013,9,51392,52515,103907,0,0,0,51392,52515,103907
PERTH,2013,9,373714,373591,747305,166260,169413,335673,539974,543004,1082978
PROSERPINE,2013,9,10706,10345,21051,0,0,0,10706,10345,21051
ROCKHAMPTON,2013,9,29872,29752,59624,0,0,0,29872,29752,59624
SUNSHINE COAST,2013,9,41230,39147,80377,1128,1136,2264,42358,40283,82641
SYDNEY,2013,9,1042028,1061600,2103628,536112,561318,1097430,1578140,1622918,3201058
TOWNSVILLE,2013,9,68135,69670,137805,0,0,0,68135,69670,137805
ADELAIDE,2013,10,306551,300868,607419,39954,28567,68521,346505,329435,675940
ALICE SPRINGS,2013,10,32652,33652,66304,0,0,0,32652,33652,66304
All Australian Airports,2013,10,5179525,5179525,10359050,1496725,1212883,2709608,6676250,6392408,13068658
BALLINA,2013,10,17876,19052,36928,0,0,0,17876,19052,36928
BRISBANE,2013,10,768788,774774,1543562,225003,188766,413769,993791,963540,1957331
CAIRNS,2013,10,171668,182915,354583,22144,18929,41073,193812,201844,395656
CANBERRA,2013,10,134709,128025,262734,0,0,0,134709,128025,262734
DARWIN,2013,10,74105,81938,156043,16029,14077,30106,90134,96015,186149
GOLD COAST,2013,10,229553,237503,467056,38248,34129,72377,267801,271632,539433
HOBART,2013,10,91869,89038,180907,0,0,0,91869,89038,180907
KARRATHA,2013,10,33486,32649,66135,0,0,0,33486,32649,66135
LAUNCESTON,2013,10,56585,53950,110535,0,0,0,56585,53950,110535
MACKAY,2013,10,48466,48596,97062,0,0,0,48466,48596,97062
MELBOURNE,2013,10,1042381,1027168,2069549,347223,277637,624860,1389604,1304805,2694409
NEWCASTLE,2013,10,54572,54561,109133,0,0,0,54572,54561,109133
PERTH,2013,10,403993,403832,807825,196425,152043,348468,600418,555875,1156293
PROSERPINE,2013,10,10719,11531,22250,0,0,0,10719,11531,22250
ROCKHAMPTON,2013,10,31967,31805,63772,0,0,0,31967,31805,63772
SUNSHINE COAST,2013,10,40790,42214,83004,553,489,1042,41343,42703,84046
SYDNEY,2013,10,1149680,1144501,2294181,610674,497724,1108398,1760354,1642225,3402579
TOWNSVILLE,2013,10,70418,69925,140343,0,0,0,70418,69925,140343
ADELAIDE,2013,11,279869,279000,558869,34066,34016,68082,313935,313016,626951
ALICE SPRINGS,2013,11,28535,28894,57429,0,0,0,28535,28894,57429
All Australian Airports,2013,11,4806105,4806105,9612210,1268103,1285380,2553483,6074208,6091485,12165693
BALLINA,2013,11,16444,16818,33262,0,0,0,16444,16818,33262
BRISBANE,2013,11,718088,718447,1436535,184757,192166,376923,902845,910613,1813458
CAIRNS,2013,11,150984,155655,306639,17798,18220,36018,168782,173875,342657
CANBERRA,2013,11,127922,128151,256073,0,0,0,127922,128151,256073
DARWIN,2013,11,60787,64726,125513,12889,13846,26735,73676,78572,152248
GOLD COAST,2013,11,197351,201785,399136,33713,34421,68134,231064,236206,467270
HOBART,2013,11,91192,90315,181507,0,0,0,91192,90315,181507
KARRATHA,2013,11,29816,30343,60159,0,0,0,29816,30343,60159
LAUNCESTON,2013,11,52468,51856,104324,0,0,0,52468,51856,104324
MACKAY,2013,11,42148,43201,85349,0,0,0,42148,43201,85349
MELBOURNE,2013,11,993447,978633,1972080,297331,296101,593432,1290778,1274734,2565512
NEWCASTLE,2013,11,54211,53566,107777,0,0,0,54211,53566,107777
PERTH,2013,11,363121,362817,725938,156917,153245,310162,520038,516062,1036100
PROSERPINE,2013,11,10092,10543,20635,0,0,0,10092,10543,20635
ROCKHAMPTON,2013,11,28088,28736,56824,0,0,0,28088,28736,56824
SUNSHINE COAST,2013,11,38361,39769,78130,0,0,0,38361,39769,78130
SYDNEY,2013,11,1088671,1080518,2169189,530129,542880,1073009,1618800,1623398,3242198
TOWNSVILLE,2013,11,59143,61744,120887,0,0,0,59143,61744,120887
ADELAIDE,2013,12,291204,289813,581017,39818,49993,89811,331022,339806,670828
ALICE SPRINGS,2013,12,23916,27279,51195,0,0,0,23916,27279,51195
All Australian Airports,2013,12,4926773,4926773,9853546,1403760,1666889,3070649,6330533,6593662,12924195
BALLINA,2013,12,20927,18906,39833,0,0,0,20927,18906,39833
BRISBANE,2013,12,750551,729882,1480433,209001,233727,442728,959552,963609,1923161
CAIRNS,2013,12,165079,159070,324149,20333,21652,41985,185412,180722,366134
CANBERRA,2013,12,112159,117843,230002,0,0,0,112159,117843,230002
DARWIN,2013,12,60480,71067,131547,10761,21152,31913,71241,92219,163460
GOLD COAST,2013,12,229436,219869,449305,39707,48291,87998,269143,268160,537303
HOBART,2013,12,108502,95812,204314,0,0,0,108502,95812,204314
KARRATHA,2013,12,23416,31481,54897,0,0,0,23416,31481,54897
LAUNCESTON,2013,12,67666,58449,126115,0,0,0,67666,58449,126115
MACKAY,2013,12,45230,47384,92614,0,0,0,45230,47384,92614
MELBOURNE,2013,12,990722,1017563,2008285,334315,392306,726621,1325037,1409869,2734906
NEWCASTLE,2013,12,53282,52192,105474,0,0,0,53282,52192,105474
PERTH,2013,12,377892,375327,753219,170531,227348,397879,548423,602675,1151098
PROSERPINE,2013,12,10679,10922,21601,0,0,0,10679,10922,21601
ROCKHAMPTON,2013,12,27947,29145,57092,0,0,0,27947,29145,57092
SUNSHINE COAST,2013,12,42692,41439,84131,0,0,0,42692,41439,84131
SYDNEY,2013,12,1113579,1096486,2210065,578786,671972,1250758,1692365,1768458,3460823
TOWNSVILLE,2013,12,65561,69424,134985,0,0,0,65561,69424,134985
ADELAIDE,2014,1,277737,278835,556572,53530,41795,95325,331267,320630,651897
ALICE SPRINGS,2014,1,25509,22820,48329,0,0,0,25509,22820,48329
All Australian Airports,2014,1,4790292,4790292,9580584,1741156,1460453,3201609,6531448,6250745,12782193
BALLINA,2014,1,20119,22230,42349,0,0,0,20119,22230,42349
BRISBANE,2014,1,683604,688577,1372181,243665,197869,441534,927269,886446,1813715
CAIRNS,2014,1,160822,172757,333579,23911,20221,44132,184733,192978,377711
CANBERRA,2014,1,97433,90215,187648,0,0,0,97433,90215,187648
DARWIN,2014,1,66935,57723,124658,20907,13760,34667,87842,71483,159325
GOLD COAST,2014,1,233478,248687,482165,49373,43639,93012,282851,292326,575177
HOBART,2014,1,99727,112709,212436,0,0,0,99727,112709,212436
KARRATHA,2014,1,32683,25686,58369,0,0,0,32683,25686,58369
LAUNCESTON,2014,1,63827,71154,134981,0,0,0,63827,71154,134981
MACKAY,2014,1,41690,39182,80872,0,0,0,41690,39182,80872
MELBOURNE,2014,1,1015397,972715,1988112,405925,345753,751678,1421322,1318468,2739790
NEWCASTLE,2014,1,50137,51529,101666,0,0,0,50137,51529,101666
PERTH,2014,1,373794,384806,758600,244756,188565,433321,618550,573371,1191921
PROSERPINE,2014,1,9634,10866,20500,0,0,0,9634,10866,20500
ROCKHAMPTON,2014,1,25175,24038,49213,0,0,0,25175,24038,49213
SUNSHINE COAST,2014,1,43005,46710,89715,0,0,0,43005,46710,89715
SYDNEY,2014,1,1065915,1082908,2148823,698668,608317,1306985,1764583,1691225,3455808
TOWNSVILLE,2014,1,58441,53757,112198,0,0,0,58441,53757,112198
ADELAIDE,2014,2,253235,250818,504053,40484,29320,69804,293719,280138,573857
ALICE SPRINGS,2014,2,22936,22485,45421,0,0,0,22936,22485,45421
All Australian Airports,2014,2,4206935,4206935,8413870,1320109,1170234,2490343,5527044,5377169,10904213
BALLINA,2014,2,14861,15231,30092,0,0,0,14861,15231,30092
BRISBANE,2014,2,611754,613347,1225101,184183,168744,352927,795937,782091,1578028
CAIRNS,2014,2,126598,135121,261719,20129,19117,39246,146727,154238,300965
CANBERRA,2014,2,106417,102807,209224,0,0,0,106417,102807,209224
DARWIN,2014,2,50136,52756,102892,12288,10867,23155,62424,63623,126047
GOLD COAST,2014,2,175850,180341,356191,38138,35156,73294,213988,215497,429485
HOBART,2014,2,85952,85280,171232,0,0,0,85952,85280,171232
KARRATHA,2014,2,27868,27687,55555,0,0,0,27868,27687,55555
LAUNCESTON,2014,2,52717,51591,104308,0,0,0,52717,51591,104308
MACKAY,2014,2,35301,35937,71238,0,0,0,35301,35937,71238
MELBOURNE,2014,2,879950,874523,1754473,317446,271754,589200,1197396,1146277,2343673
NEWCASTLE,2014,2,42668,43461,86129,0,0,0,42668,43461,86129
PERTH,2014,2,323572,327180,650752,165809,138879,304688,489381,466059,955440
PROSERPINE,2014,2,8002,8286,16288,0,0,0,8002,8286,16288
ROCKHAMPTON,2014,2,23180,23684,46864,0,0,0,23180,23684,46864
SUNSHINE COAST,2014,2,29074,29820,58894,0,0,0,29074,29820,58894
SYDNEY,2014,2,966175,953742,1919917,541240,495993,1037233,1507415,1449735,2957150
TOWNSVILLE,2014,2,50287,50424,100711,0,0,0,50287,50424,100711
ADELAIDE,2014,3,287307,293996,581303,35407,35805,71212,322714,329801,652515
ALICE SPRINGS,2014,3,27318,26804,54122,0,0,0,27318,26804,54122
All Australian Airports,2014,3,4744919,4744919,9489838,1256750,1275028,2531778,6001669,6019947,12021616
BALLINA,2014,3,15663,16084,31747,0,0,0,15663,16084,31747
BRISBANE,2014,3,697430,695026,1392456,182017,180736,362753,879447,875762,1755209
CAIRNS,2014,3,135222,137603,272825,19065,18792,37857,154287,156395,310682
CANBERRA,2014,3,124681,125533,250214,0,0,0,124681,125533,250214
DARWIN,2014,3,61191,60331,121522,12264,11944,24208,73455,72275,145730
GOLD COAST,2014,3,196731,198767,395498,37933,37464,75397,234664,236231,470895
HOBART,2014,3,94087,98207,192294,0,0,0,94087,98207,192294
KARRATHA,2014,3,29871,29163,59034,0,0,0,29871,29163,59034
LAUNCESTON,2014,3,57992,59751,117743,0,0,0,57992,59751,117743
MACKAY,2014,3,41032,40076,81108,0,0,0,41032,40076,81108
MELBOURNE,2014,3,982380,989492,1971872,298547,301050,599597,1280927,1290542,2571469
NEWCASTLE,2014,3,50262,50391,100653,0,0,0,50262,50391,100653
PERTH,2014,3,368083,363511,731594,157118,158112,315230,525201,521623,1046824
PROSERPINE,2014,3,8991,9140,18131,0,0,0,8991,9140,18131
ROCKHAMPTON,2014,3,27884,27840,55724,0,0,0,27884,27840,55724
SUNSHINE COAST,2014,3,35429,35329,70758,0,0,0,35429,35329,70758
SYDNEY,2014,3,1075212,1065090,2140302,513803,530525,1044328,1589015,1595615,3184630
TOWNSVILLE,2014,3,58520,57261,115781,0,0,0,58520,57261,115781
ADELAIDE,2014,4,283121,285267,568388,39176,42911,82087,322297,328178,650475
ALICE SPRINGS,2014,4,28179,27816,55995,0,0,0,28179,27816,55995
All Australian Airports,2014,4,4757382,4757382,9514764,1319185,1390747,2709932,6076567,6148129,12224696
BALLINA,2014,4,16926,17256,34182,0,0,0,16926,17256,34182
BRISBANE,2014,4,717116,713104,1430220,203052,203842,406894,920168,916946,1837114
CAIRNS,2014,4,156096,155713,311809,14670,16394,31064,170766,172107,342873
CANBERRA,2014,4,114029,115205,229234,0,0,0,114029,115205,229234
DARWIN,2014,4,73169,71315,144484,10904,11950,22854,84073,83265,167338
GOLD COAST,2014,4,199982,201778,401760,35779,32787,68566,235761,234565,470326
HOBART,2014,4,84171,90769,174940,0,0,0,84171,90769,174940
KARRATHA,2014,4,30455,29751,60206,0,0,0,30455,29751,60206
LAUNCESTON,2014,4,53633,57336,110969,0,0,0,53633,57336,110969
MACKAY,2014,4,41485,41149,82634,0,0,0,41485,41149,82634
MELBOURNE,2014,4,970657,965801,1936458,314516,330983,645499,1285173,1296784,2581957
NEWCASTLE,2014,4,47587,47954,95541,0,0,0,47587,47954,95541
PERTH,2014,4,381317,385947,767264,174325,184451,358776,555642,570398,1126040
PROSERPINE,2014,4,11099,11015,22114,0,0,0,11099,11015,22114
ROCKHAMPTON,2014,4,27499,27452,54951,0,0,0,27499,27452,54951
SUNSHINE COAST,2014,4,38492,37941,76433,0,0,0,38492,37941,76433
SYDNEY,2014,4,1054858,1046448,2101306,526287,566949,1093236,1581145,1613397,3194542
TOWNSVILLE,2014,4,60736,61524,122260,0,0,0,60736,61524,122260
ADELAIDE,2014,5,266981,269417,536398,34798,39547,74345,301779,308964,610743
ALICE SPRINGS,2014,5,25918,25923,51841,0,0,0,25918,25923,51841
All Australian Airports,2014,5,4528746,4528746,9057492,1186430,1262179,2448609,5715176,5790925,11506101
BALLINA,2014,5,13210,13552,26762,0,0,0,13210,13552,26762
BRISBANE,2014,5,690348,686761,1377109,181007,186442,367449,871355,873203,1744558
CAIRNS,2014,5,140494,140629,281123,13715,15252,28967,154209,155881,310090
CANBERRA,2014,5,120764,123275,244039,0,0,0,120764,123275,244039
DARWIN,2014,5,72728,71476,144204,11129,12017,23146,83857,83493,167350
GOLD COAST,2014,5,176988,177180,354168,31216,29173,60389,208204,206353,414557
HOBART,2014,5,76390,76964,153354,0,0,0,76390,76964,153354
KARRATHA,2014,5,30029,31630,61659,0,0,0,30029,31630,61659
LAUNCESTON,2014,5,47347,48323,95670,0,0,0,47347,48323,95670
MACKAY,2014,5,39723,40390,80113,0,0,0,39723,40390,80113
MELBOURNE,2014,5,919075,914120,1833195,288008,311686,599694,1207083,1225806,2432889
NEWCASTLE,2014,5,46954,47987,94941,0,0,0,46954,47987,94941
PERTH,2014,5,350939,355327,706266,142723,158400,301123,493662,513727,1007389
PROSERPINE,2014,5,10032,10275,20307,0,0,0,10032,10275,20307
ROCKHAMPTON,2014,5,27343,28383,55726,0,0,0,27343,28383,55726
SUNSHINE COAST,2014,5,30745,31349,62094,0,0,0,30745,31349,62094
SYDNEY,2014,5,1017429,1001898,2019327,483268,509089,992357,1500697,1510987,3011684
TOWNSVILLE,2014,5,62178,61671,123849,0,0,0,62178,61671,123849
ADELAIDE,2014,6,260567,255415,515982,35861,44801,80662,296428,300216,596644
ALICE SPRINGS,2014,6,27860,28396,56256,0,0,0,27860,28396,56256
All Australian Airports,2014,6,4447073,4447073,8894146,1174912,1410529,2585441,5621985,5857602,11479587
BALLINA,2014,6,14762,14552,29314,0,0,0,14762,14552,29314
BRISBANE,2014,6,677315,684118,1361433,185947,207236,393183,863262,891354,1754616
CAIRNS,2014,6,157186,146090,303276,15273,16675,31948,172459,162765,335224
CANBERRA,2014,6,118607,117421,236028,0,0,0,118607,117421,236028
DARWIN,2014,6,88911,82665,171576,12073,15491,27564,100984,98156,199140
GOLD COAST,2014,6,176731,174501,351232,31391,34036,65427,208122,208537,416659
HOBART,2014,6,75294,75202,150496,0,0,0,75294,75202,150496
KARRATHA,2014,6,28853,28240,57093,0,0,0,28853,28240,57093
LAUNCESTON,2014,6,47550,46394,93944,0,0,0,47550,46394,93944
MACKAY,2014,6,38830,38088,76918,0,0,0,38830,38088,76918
MELBOURNE,2014,6,883595,924070,1807665,283842,355095,638937,1167437,1279165,2446602
NEWCASTLE,2014,6,45169,45097,90266,0,0,0,45169,45097,90266
PERTH,2014,6,342876,330153,673029,145966,170833,316799,488842,500986,989828
PROSERPINE,2014,6,10204,9879,20083,0,0,0,10204,9879,20083
ROCKHAMPTON,2014,6,27393,27278,54671,0,0,0,27393,27278,54671
SUNSHINE COAST,2014,6,32016,30493,62509,278,183,461,32294,30676,62970
SYDNEY,2014,6,972837,972810,1945647,463814,565678,1029492,1436651,1538488,2975139
TOWNSVILLE,2014,6,64444,64334,128778,0,0,0,64444,64334,128778
ADELAIDE,2014,7,284112,289631,573743,51507,44103,95610,335619,333734,669353
ALICE SPRINGS,2014,7,30549,31214,61763,0,0,0,30549,31214,61763
All Australian Airports,2014,7,4998291,4998291,9996582,1599897,1357325,2957222,6598188,6355616,12953804
BALLINA,2014,7,17839,18283,36122,0,0,0,17839,18283,36122
BRISBANE,2014,7,767925,756240,1524165,247977,207772,455749,1015902,964012,1979914
CAIRNS,2014,7,190882,193790,384672,23638,18074,41712,214520,211864,426384
CANBERRA,2014,7,122917,121468,244385,0,0,0,122917,121468,244385
DARWIN,2014,7,93330,95765,189095,16732,14403,31135,110062,110168,220230
GOLD COAST,2014,7,213989,214951,428940,41936,35206,77142,255925,250157,506082
HOBART,2014,7,82618,85222,167840,0,0,0,82618,85222,167840
KARRATHA,2014,7,31443,31190,62633,0,0,0,31443,31190,62633
LAUNCESTON,2014,7,47391,49829,97220,0,0,0,47391,49829,97220
MACKAY,2014,7,44033,44582,88615,0,0,0,44033,44582,88615
MELBOURNE,2014,7,1022903,993072,2015975,396854,328613,725467,1419757,1321685,2741442
NEWCASTLE,2014,7,50510,51019,101529,0,0,0,50510,51019,101529
PERTH,2014,7,377458,391848,769306,205965,178812,384777,583423,570660,1154083
PROSERPINE,2014,7,11761,12275,24036,0,0,0,11761,12275,24036
ROCKHAMPTON,2014,7,29036,29421,58457,0,0,0,29036,29421,58457
SUNSHINE COAST,2014,7,36813,37428,74241,1508,1203,2711,38321,38631,76952
SYDNEY,2014,7,1088070,1090076,2178146,613345,528745,1142090,1701415,1618821,3320236
TOWNSVILLE,2014,7,72058,70381,142439,0,0,0,72058,70381,142439
ADELAIDE,2014,8,280822,280400,561222,41013,39796,80809,321835,320196,642031
ALICE SPRINGS,2014,8,27251,28508,55759,0,0,0,27251,28508,55759
All Australian Airports,2014,8,4796038,4796038,9592076,1341299,1402976,2744275,6137337,6199014,12336351
BALLINA,2014,8,14707,15200,29907,0,0,0,14707,15200,29907
BRISBANE,2014,8,724926,719873,1444799,213173,223083,436256,938099,942956,1881055
CAIRNS,2014,8,176583,183251,359834,23182,26286,49468,199765,209537,409302
CANBERRA,2014,8,120988,120574,241562,0,0,0,120988,120574,241562
DARWIN,2014,8,86121,90170,176291,14429,15917,30346,100550,106087,206637
GOLD COAST,2014,8,199892,203361,403253,35563,37014,72577,235455,240375,475830
HOBART,2014,8,78837,79802,158639,0,0,0,78837,79802,158639
KARRATHA,2014,8,29933,30828,60761,0,0,0,29933,30828,60761
LAUNCESTON,2014,8,44931,45508,90439,0,0,0,44931,45508,90439
MACKAY,2014,8,40144,40707,80851,0,0,0,40144,40707,80851
MELBOURNE,2014,8,979763,975378,1955141,323724,340678,664402,1303487,1316056,2619543
NEWCASTLE,2014,8,48803,48481,97284,0,0,0,48803,48481,97284
PERTH,2014,8,361356,358479,719835,163905,166519,330424,525261,524998,1050259
PROSERPINE,2014,8,11678,11905,23583,0,0,0,11678,11905,23583
ROCKHAMPTON,2014,8,27277,28234,55511,0,0,0,27277,28234,55511
SUNSHINE COAST,2014,8,32624,32124,64748,1373,1191,2564,33997,33315,67312
SYDNEY,2014,8,1072351,1056340,2128691,524448,551983,1076431,1596799,1608323,3205122
TOWNSVILLE,2014,8,65323,66678,132001,0,0,0,65323,66678,132001
ADELAIDE,2014,9,276540,280913,557453,39785,40956,80741,316325,321869,638194
ALICE SPRINGS,2014,9,25548,25287,50835,0,0,0,25548,25287,50835
All Australian Airports,2014,9,4805093,4805093,9610186,1377010,1404018,2781028,6182103,6209111,12391214
BALLINA,2014,9,19834,19049,38883,0,0,0,19834,19049,38883
BRISBANE,2014,9,723998,723032,1447030,216209,214891,431100,940207,937923,1878130
CAIRNS,2014,9,176654,165752,342406,19242,22088,41330,195896,187840,383736
CANBERRA,2014,9,121363,121743,243106,0,0,0,121363,121743,243106
DARWIN,2014,9,78326,79759,158085,13861,13879,27740,92187,93638,185825
GOLD COAST,2014,9,219163,209110,428273,33293,35862,69155,252456,244972,497428
HOBART,2014,9,81768,78408,160176,0,0,0,81768,78408,160176
KARRATHA,2014,9,29929,30501,60430,0,0,0,29929,30501,60430
LAUNCESTON,2014,9,48691,46829,95520,0,0,0,48691,46829,95520
MACKAY,2014,9,41426,40415,81841,0,0,0,41426,40415,81841
MELBOURNE,2014,9,966478,975178,1941656,337512,339350,676862,1303990,1314528,2618518
NEWCASTLE,2014,9,49730,50530,100260,0,0,0,49730,50530,100260
PERTH,2014,9,362782,366423,729205,179961,181406,361367,542743,547829,1090572
PROSERPINE,2014,9,12473,11757,24230,0,0,0,12473,11757,24230
ROCKHAMPTON,2014,9,29157,28751,57908,0,0,0,29157,28751,57908
SUNSHINE COAST,2014,9,38614,37179,75793,1234,1210,2444,39848,38389,78237
SYDNEY,2014,9,1057089,1070473,2127562,535529,554031,1089560,1592618,1624504,3217122
TOWNSVILLE,2014,9,65984,68438,134422,0,0,0,65984,68438,134422
ADELAIDE,2014,10,319150,311531,630681,44279,35206,79485,363429,346737,710166
ALICE SPRINGS,2014,10,26458,27497,53955,0,0,0,26458,27497,53955
All Australian Airports,2014,10,5238762,5238762,10477524,1556897,1297662,2854559,6795659,6536424,13332083
BALLINA,2014,10,19283,19973,39256,0,0,0,19283,19973,39256
BRISBANE,2014,10,776924,780848,1557772,234133,204479,438612,1011057,985327,1996384
CAIRNS,2014,10,175380,184351,359731,21715,18589,40304,197095,202940,400035
CANBERRA,2014,10,131857,128821,260678,0,0,0,131857,128821,260678
DARWIN,2014,10,76835,81466,158301,14688,12566,27254,91523,94032,185555
GOLD COAST,2014,10,235350,240190,475540,38397,34072,72469,273747,274262,548009
HOBART,2014,10,95303,91155,186458,0,0,0,95303,91155,186458
KARRATHA,2014,10,32016,32760,64776,0,0,0,32016,32760,64776
LAUNCESTON,2014,10,55493,54135,109628,0,0,0,55493,54135,109628
MACKAY,2014,10,43221,44844,88065,0,0,0,43221,44844,88065
MELBOURNE,2014,10,1084809,1063726,2148535,381908,312662,694570,1466717,1376388,2843105
NEWCASTLE,2014,10,53687,53479,107166,0,0,0,53687,53479,107166
PERTH,2014,10,398992,401561,800553,204204,158932,363136,603196,560493,1163689
PROSERPINE,2014,10,12509,13521,26030,0,0,0,12509,13521,26030
ROCKHAMPTON,2014,10,29349,29603,58952,0,0,0,29349,29603,58952
SUNSHINE COAST,2014,10,39738,40931,80669,1022,1046,2068,40760,41977,82737
SYDNEY,2014,10,1174641,1172420,2347061,616131,519670,1135801,1790772,1692090,3482862
TOWNSVILLE,2014,10,68153,67986,136139,0,0,0,68153,67986,136139
ADELAIDE,2014,11,279539,279238,558777,33966,35010,68976,313505,314248,627753
ALICE SPRINGS,2014,11,22871,23328,46199,0,0,0,22871,23328,46199
All Australian Airports,2014,11,4767191,4767191,9534382,1322483,1346054,2668537,6089674,6113245,12202919
BALLINA,2014,11,18158,18119,36277,0,0,0,18158,18119,36277
BRISBANE,2014,11,693076,696103,1389179,197992,207211,405203,891068,903314,1794382
CAIRNS,2014,11,154640,159052,313692,16906,17259,34165,171546,176311,347857
CANBERRA,2014,11,122435,120113,242548,0,0,0,122435,120113,242548
DARWIN,2014,11,64785,67457,132242,10563,11258,21821,75348,78715,154063
GOLD COAST,2014,11,205695,206609,412304,33719,35565,69284,239414,242174,481588
HOBART,2014,11,94398,94140,188538,0,0,0,94398,94140,188538
KARRATHA,2014,11,28528,28860,57388,0,0,0,28528,28860,57388
LAUNCESTON,2014,11,56824,54527,111351,0,0,0,56824,54527,111351
MACKAY,2014,11,37800,38193,75993,0,0,0,37800,38193,75993
MELBOURNE,2014,11,1001601,994496,1996097,328293,335780,664073,1329894,1330276,2660170
NEWCASTLE,2014,11,48507,48757,97264,0,0,0,48507,48757,97264
PERTH,2014,11,356660,355399,712059,158386,156950,315336,515046,512349,1027395
PROSERPINE,2014,11,11784,12206,23990,0,0,0,11784,12206,23990
ROCKHAMPTON,2014,11,25794,26723,52517,0,0,0,25794,26723,52517
SUNSHINE COAST,2014,11,35622,36709,72331,0,0,0,35622,36709,72331
SYDNEY,2014,11,1088111,1083123,2171234,542097,546503,1088600,1630208,1629626,3259834
TOWNSVILLE,2014,11,57638,59537,117175,0,0,0,57638,59537,117175
ADELAIDE,2014,12,295383,291644,587027,38989,49220,88209,334372,340864,675236
ALICE SPRINGS,2014,12,18924,21670,40594,0,0,0,18924,21670,40594
All Australian Airports,2014,12,4885749,4885749,9771498,1449684,1710071,3159755,6335433,6595820,12931253
BALLINA,2014,12,20079,19225,39304,0,0,0,20079,19225,39304
BRISBANE,2014,12,739816,721575,1461391,221355,251966,473321,961171,973541,1934712
CAIRNS,2014,12,171023,161710,332733,19374,21343,40717,190397,183053,373450
CANBERRA,2014,12,108108,115048,223156,0,0,0,108108,115048,223156
DARWIN,2014,12,61111,76078,137189,8816,15964,24780,69927,92042,161969
GOLD COAST,2014,12,233645,224884,458529,38278,45981,84259,271923,270865,542788
HOBART,2014,12,112735,98843,211578,0,0,0,112735,98843,211578
KARRATHA,2014,12,22578,29886,52464,0,0,0,22578,29886,52464
LAUNCESTON,2014,12,67721,59688,127409,0,0,0,67721,59688,127409
MACKAY,2014,12,39817,41898,81715,0,0,0,39817,41898,81715
MELBOURNE,2014,12,994717,1020431,2015148,355406,417081,772487,1350123,1437512,2787635
NEWCASTLE,2014,12,48887,46957,95844,0,0,0,48887,46957,95844
PERTH,2014,12,369737,370319,740056,173480,221950,395430,543217,592269,1135486
PROSERPINE,2014,12,12741,12305,25046,0,0,0,12741,12305,25046
ROCKHAMPTON,2014,12,25108,25809,50917,0,0,0,25108,25809,50917
SUNSHINE COAST,2014,12,37877,36038,73915,0,0,0,37877,36038,73915
SYDNEY,2014,12,1100833,1088258,2189091,593553,686169,1279722,1694386,1774427,3468813
TOWNSVILLE,2014,12,64541,67547,132088,0,0,0,64541,67547,132088
ADELAIDE,2015,1,271005,273323,544328,50816,40325,91141,321821,313648,635469
ALICE SPRINGS,2015,1,20600,18679,39279,0,0,0,20600,18679,39279
All Australian Airports,2015,1,4630762,4630762,9261524,1784287,1498628,3282915,6415049,6129390,12544439
BALLINA,2015,1,21764,23672,45436,0,0,0,21764,23672,45436
BRISBANE,2015,1,649819,670411,1320230,259107,217528,476635,908926,887939,1796865
CAIRNS,2015,1,152476,165203,317679,22204,20752,42956,174680,185955,360635
CANBERRA,2015,1,94689,86462,181151,0,0,0,94689,86462,181151
DARWIN,2015,1,68315,56062,124377,15839,9890,25729,84154,65952,150106
GOLD COAST,2015,1,228760,247455,476215,47430,40477,87907,276190,287932,564122
HOBART,2015,1,105456,120299,225755,0,0,0,105456,120299,225755
KARRATHA,2015,1,27371,21795,49166,0,0,0,27371,21795,49166
LAUNCESTON,2015,1,61786,69331,131117,0,0,0,61786,69331,131117
MACKAY,2015,1,36231,34321,70552,0,0,0,36231,34321,70552
MELBOURNE,2015,1,1004854,948075,1952929,438126,370081,808207,1442980,1318156,2761136
NEWCASTLE,2015,1,45820,47358,93178,0,0,0,45820,47358,93178
PERTH,2015,1,351624,358420,710044,238626,184382,423008,590250,542802,1133052
PROSERPINE,2015,1,11693,13093,24786,0,0,0,11693,13093,24786
ROCKHAMPTON,2015,1,23029,21618,44647,0,0,0,23029,21618,44647
SUNSHINE COAST,2015,1,37890,42048,79938,0,0,0,37890,42048,79938
SYDNEY,2015,1,1039522,1046901,2086423,711721,614666,1326387,1751243,1661567,3412810
TOWNSVILLE,2015,1,57879,54030,111909,0,0,0,57879,54030,111909
ADELAIDE,2015,2,255345,248620,503965,38274,30765,69039,293619,279385,573004
ALICE SPRINGS,2015,2,19528,19797,39325,0,0,0,19528,19797,39325
All Australian Airports,2015,2,4183063,4183063,8366126,1410790,1240775,2651565,5593853,5423838,11017691
BALLINA,2015,2,15486,15959,31445,0,0,0,15486,15959,31445
BRISBANE,2015,2,594295,594204,1188499,204702,186053,390755,798997,780257,1579254
CAIRNS,2015,2,140012,144177,284189,24375,20661,45036,164387,164838,329225
CANBERRA,2015,2,104237,100964,205201,0,0,0,104237,100964,205201
DARWIN,2015,2,50746,51776,102522,10012,8779,18791,60758,60555,121313
GOLD COAST,2015,2,176481,180128,356609,35098,32950,68048,211579,213078,424657
HOBART,2015,2,94081,91925,186006,0,0,0,94081,91925,186006
KARRATHA,2015,2,23907,24807,48714,0,0,0,23907,24807,48714
LAUNCESTON,2015,2,53435,51643,105078,0,0,0,53435,51643,105078
MACKAY,2015,2,30254,31593,61847,0,0,0,30254,31593,61847
MELBOURNE,2015,2,900984,891650,1792634,365109,313219,678328,1266093,1204869,2470962
NEWCASTLE,2015,2,39828,40397,80225,0,0,0,39828,40397,80225
PERTH,2015,2,302620,312158,614778,169685,144653,314338,472305,456811,929116
PROSERPINE,2015,2,10227,10566,20793,0,0,0,10227,10566,20793
ROCKHAMPTON,2015,2,19713,19899,39612,0,0,0,19713,19899,39612
SUNSHINE COAST,2015,2,26196,25986,52182,0,0,0,26196,25986,52182
SYDNEY,2015,2,973110,970584,1943694,563101,503262,1066363,1536211,1473846,3010057
TOWNSVILLE,2015,2,48886,49553,98439,0,0,0,48886,49553,98439
ADELAIDE,2015,3,291956,293217,585173,34114,36696,70810,326070,329913,655983
ALICE SPRINGS,2015,3,24043,22847,46890,0,0,0,24043,22847,46890
All Australian Airports,2015,3,4792040,4792040,9584080,1370140,1432073,2802213,6162180,6224113,12386293
BALLINA,2015,3,18102,17984,36086,0,0,0,18102,17984,36086
BRISBANE,2015,3,697493,691926,1389419,205557,209665,415222,903050,901591,1804641
CAIRNS,2015,3,142490,140180,282670,19341,21334,40675,161831,161514,323345
CANBERRA,2015,3,126132,125655,251787,0,0,0,126132,125655,251787
DARWIN,2015,3,63857,62139,125996,9928,10166,20094,73785,72305,146090
GOLD COAST,2015,3,201680,198263,399943,37413,35449,72862,239093,233712,472805
HOBART,2015,3,97209,101984,199193,0,0,0,97209,101984,199193
KARRATHA,2015,3,25836,25992,51828,0,0,0,25836,25992,51828
LAUNCESTON,2015,3,57484,59583,117067,0,0,0,57484,59583,117067
MACKAY,2015,3,38476,36956,75432,0,0,0,38476,36956,75432
MELBOURNE,2015,3,1005878,1039069,2044947,345323,371197,716520,1351201,1410266,2761467
NEWCASTLE,2015,3,46998,46902,93900,0,0,0,46998,46902,93900
PERTH,2015,3,359400,351127,710527,160418,167454,327872,519818,518581,1038399
PROSERPINE,2015,3,10755,10474,21229,0,0,0,10755,10474,21229
ROCKHAMPTON,2015,3,27755,27804,55559,0,0,0,27755,27804,55559
SUNSHINE COAST,2015,3,32867,31577,64444,0,0,0,32867,31577,64444
SYDNEY,2015,3,1105157,1095693,2200850,557245,579473,1136718,1662402,1675166,3337568
TOWNSVILLE,2015,3,59989,58009,117998,0,0,0,59989,58009,117998
ADELAIDE,2015,4,291914,294232,586146,33223,37246,70469,325137,331478,656615
ALICE SPRINGS,2015,4,24926,25494,50420,0,0,0,24926,25494,50420
All Australian Airports,2015,4,4722433,4722433,9444866,1361635,1384880,2746515,6084068,6107313,12191381
BALLINA,2015,4,19599,20173,39772,0,0,0,19599,20173,39772
BRISBANE,2015,4,691971,694729,1386700,205882,212965,418847,897853,907694,1805547
CAIRNS,2015,4,155106,159990,315096,18491,19824,38315,173597,179814,353411
CANBERRA,2015,4,114563,117067,231630,0,0,0,114563,117067,231630
DARWIN,2015,4,73551,70521,144072,10371,9647,20018,83922,80168,164090
GOLD COAST,2015,4,204814,211335,416149,37202,34068,71270,242016,245403,487419
HOBART,2015,4,89654,94013,183667,0,0,0,89654,94013,183667
KARRATHA,2015,4,26116,26467,52583,0,0,0,26116,26467,52583
LAUNCESTON,2015,4,52216,55380,107596,0,0,0,52216,55380,107596
MACKAY,2015,4,38188,38030,76218,0,0,0,38188,38030,76218
MELBOURNE,2015,4,996733,964471,1961204,340239,344512,684751,1336972,1308983,2645955
NEWCASTLE,2015,4,46382,46468,92850,0,0,0,46382,46468,92850
PERTH,2015,4,363209,360074,723283,168302,173956,342258,531511,534030,1065541
PROSERPINE,2015,4,12229,12530,24759,0,0,0,12229,12530,24759
ROCKHAMPTON,2015,4,26068,26228,52296,0,0,0,26068,26228,52296
SUNSHINE COAST,2015,4,36413,38432,74845,0,0,0,36413,38432,74845
SYDNEY,2015,4,1056659,1058151,2114810,547174,551891,1099065,1603833,1610042,3213875
TOWNSVILLE,2015,4,61695,62149,123844,0,0,0,61695,62149,123844
ADELAIDE,2015,5,270553,272195,542748,31243,36424,67667,301796,308619,610415
ALICE SPRINGS,2015,5,23425,23866,47291,0,0,0,23425,23866,47291
All Australian Airports,2015,5,4501749,4501749,9003498,1218186,1309275,2527461,5719935,5811024,11530959
BALLINA,2015,5,15937,16216,32153,0,0,0,15937,16216,32153
BRISBANE,2015,5,668512,665042,1333554,189075,198431,387506,857587,863473,1721060
CAIRNS,2015,5,145872,144667,290539,17628,19137,36765,163500,163804,327304
CANBERRA,2015,5,120603,121584,242187,0,0,0,120603,121584,242187
DARWIN,2015,5,74875,72519,147394,10489,10953,21442,85364,83472,168836
GOLD COAST,2015,5,182778,184034,366812,34086,31677,65763,216864,215711,432575
HOBART,2015,5,79587,82903,162490,0,0,0,79587,82903,162490
KARRATHA,2015,5,25042,25160,50202,0,0,0,25042,25160,50202
LAUNCESTON,2015,5,46677,48225,94902,0,0,0,46677,48225,94902
MACKAY,2015,5,37417,37180,74597,0,0,0,37417,37180,74597
MELBOURNE,2015,5,936622,936219,1872841,302738,334198,636936,1239360,1270417,2509777
NEWCASTLE,2015,5,46585,46832,93417,0,0,0,46585,46832,93417
PERTH,2015,5,331242,334104,665346,143271,158138,301409,474513,492242,966755
PROSERPINE,2015,5,10253,10481,20734,0,0,0,10253,10481,20734
ROCKHAMPTON,2015,5,27726,28056,55782,0,0,0,27726,28056,55782
SUNSHINE COAST,2015,5,29833,30090,59923,0,0,0,29833,30090,59923
SYDNEY,2015,5,1029545,1017224,2046769,488608,519255,1007863,1518153,1536479,3054632
TOWNSVILLE,2015,5,62664,61362,124026,0,0,0,62664,61362,124026
ADELAIDE,2015,6,252967,252494,505461,32695,37826,70521,285662,290320,575982
ALICE SPRINGS,2015,6,24940,25491,50431,0,0,0,24940,25491,50431
All Australian Airports,2015,6,4432717,4432717,8865434,1232005,1456587,2688592,5664722,5889304,11554026
BALLINA,2015,6,16250,16135,32385,0,0,0,16250,16135,32385
BRISBANE,2015,6,665708,666152,1331860,194338,219792,414130,860046,885944,1745990
CAIRNS,2015,6,166490,152862,319352,17394,19542,36936,183884,172404,356288
CANBERRA,2015,6,118741,118659,237400,0,0,0,118741,118659,237400
DARWIN,2015,6,87804,81791,169595,10295,12773,23068,98099,94564,192663
GOLD COAST,2015,6,186821,179078,365899,32051,36170,68221,218872,215248,434120
HOBART,2015,6,78217,77801,156018,0,0,0,78217,77801,156018
KARRATHA,2015,6,24647,25348,49995,0,0,0,24647,25348,49995
LAUNCESTON,2015,6,42671,42200,84871,0,0,0,42671,42200,84871
MACKAY,2015,6,36464,36164,72628,0,0,0,36464,36164,72628
MELBOURNE,2015,6,892847,934705,1827552,308765,379573,688338,1201612,1314278,2515890
NEWCASTLE,2015,6,45252,45669,90921,0,0,0,45252,45669,90921
PERTH,2015,6,334331,315818,650149,147906,177716,325622,482237,493534,975771
PROSERPINE,2015,6,11392,10240,21632,0,0,0,11392,10240,21632
ROCKHAMPTON,2015,6,26538,26217,52755,0,0,0,26538,26217,52755
SUNSHINE COAST,2015,6,33566,31083,64649,277,164,441,33843,31247,65090
SYDNEY,2015,6,983350,995667,1979017,487652,572404,1060056,1471002,1568071,3039073
TOWNSVILLE,2015,6,63967,63610,127577,0,0,0,63967,63610,127577
ADELAIDE,2015,7,296045,302047,598092,40295,36893,77188,336340,338940,675280
ALICE SPRINGS,2015,7,29930,31118,61048,0,0,0,29930,31118,61048
All Australian Airports,2015,7,5113160,5113160,10226320,1649910,1439511,3089421,6763070,6552671,13315741
BALLINA,2015,7,18513,19000,37513,0,0,0,18513,19000,37513
BRISBANE,2015,7,772477,755862,1528339,246477,216603,463080,1018954,972465,1991419
CAIRNS,2015,7,192616,197402,390018,28199,23289,51488,220815,220691,441506
CANBERRA,2015,7,123396,123872,247268,0,0,0,123396,123872,247268
DARWIN,2015,7,96148,99457,195605,14992,12248,27240,111140,111705,222845
GOLD COAST,2015,7,223508,227796,451304,49303,40515,89818,272811,268311,541122
HOBART,2015,7,84845,88470,173315,0,0,0,84845,88470,173315
KARRATHA,2015,7,27639,27574,55213,0,0,0,27639,27574,55213
LAUNCESTON,2015,7,49223,51910,101133,0,0,0,49223,51910,101133
MACKAY,2015,7,39916,40450,80366,0,0,0,39916,40450,80366
MELBOURNE,2015,7,1088788,1042230,2131018,420433,358670,779103,1509221,1400900,2910121
NEWCASTLE,2015,7,51791,52088,103879,0,0,0,51791,52088,103879
PERTH,2015,7,373233,391420,764653,204453,182039,386492,577686,573459,1151145
PROSERPINE,2015,7,15081,15626,30707,0,0,0,15081,15626,30707
ROCKHAMPTON,2015,7,27714,28588,56302,0,0,0,27714,28588,56302
SUNSHINE COAST,2015,7,39430,40072,79502,1771,1381,3152,41201,41453,82654
SYDNEY,2015,7,1134247,1139638,2273885,643544,567433,1210977,1777791,1707071,3484862
TOWNSVILLE,2015,7,73303,71720,145023,0,0,0,73303,71720,145023
ADELAIDE,2015,8,282798,277223,560021,35798,34901,70699,318596,312124,630720
ALICE SPRINGS,2015,8,28312,29387,57699,0,0,0,28312,29387,57699
All Australian Airports,2015,8,4767313,4767313,9534626,1417242,1453713,2870955,6184555,6221026,12405581
BALLINA,2015,8,17107,17073,34180,0,0,0,17107,17073,34180
BRISBANE,2015,8,701345,703706,1405051,217948,232266,450214,919293,935972,1855265
CAIRNS,2015,8,181781,189008,370789,27312,30336,57648,209093,219344,428437
CANBERRA,2015,8,121935,119718,241653,0,0,0,121935,119718,241653
DARWIN,2015,8,84768,90408,175176,11491,12008,23499,96259,102416,198675
GOLD COAST,2015,8,205291,207141,412432,37253,37977,75230,242544,245118,487662
HOBART,2015,8,80594,80957,161551,0,0,0,80594,80957,161551
KARRATHA,2015,8,25386,24763,50149,0,0,0,25386,24763,50149
LAUNCESTON,2015,8,46105,45411,91516,0,0,0,46105,45411,91516
MACKAY,2015,8,37652,37306,74958,0,0,0,37652,37306,74958
MELBOURNE,2015,8,987007,994987,1981994,363372,369533,732905,1350379,1364520,2714899
NEWCASTLE,2015,8,48158,47567,95725,0,0,0,48158,47567,95725
PERTH,2015,8,345804,339311,685115,168066,167076,335142,513870,506387,1020257
PROSERPINE,2015,8,14836,15049,29885,0,0,0,14836,15049,29885
ROCKHAMPTON,2015,8,25644,25817,51461,0,0,0,25644,25817,51461
SUNSHINE COAST,2015,8,37099,37056,74155,1625,1570,3195,38724,38626,77350
SYDNEY,2015,8,1080332,1065663,2145995,553594,567291,1120885,1633926,1632954,3266880
TOWNSVILLE,2015,8,64519,66566,131085,0,0,0,64519,66566,131085
ADELAIDE,2015,9,279982,283113,563095,35418,35682,71100,315400,318795,634195
ALICE SPRINGS,2015,9,25533,26219,51752,0,0,0,25533,26219,51752
All Australian Airports,2015,9,4866878,4866878,9733756,1458846,1474613,2933459,6325724,6341491,12667215
BALLINA,2015,9,21295,20346,41641,0,0,0,21295,20346,41641
BRISBANE,2015,9,734237,724209,1458446,222465,226764,449229,956702,950973,1907675
CAIRNS,2015,9,180672,171210,351882,23846,26196,50042,204518,197406,401924
CANBERRA,2015,9,121215,122296,243511,0,0,0,121215,122296,243511
DARWIN,2015,9,81414,81062,162476,10797,10482,21279,92211,91544,183755
GOLD COAST,2015,9,233558,221191,454749,40579,42342,82921,274137,263533,537670
HOBART,2015,9,86809,83347,170156,0,0,0,86809,83347,170156
KARRATHA,2015,9,25376,26444,51820,0,0,0,25376,26444,51820
LAUNCESTON,2015,9,47215,46412,93627,0,0,0,47215,46412,93627
MACKAY,2015,9,36204,36478,72682,0,0,0,36204,36478,72682
MELBOURNE,2015,9,1003849,1002529,2006378,373604,370822,744426,1377453,1373351,2750804
NEWCASTLE,2015,9,49787,50528,100315,0,0,0,49787,50528,100315
PERTH,2015,9,345190,354353,699543,175801,178626,354427,520991,532979,1053970
PROSERPINE,2015,9,15547,14935,30482,0,0,0,15547,14935,30482
ROCKHAMPTON,2015,9,25941,26185,52126,0,0,0,25941,26185,52126
SUNSHINE COAST,2015,9,44012,41811,85823,1643,1593,3236,45655,43404,89059
SYDNEY,2015,9,1087857,1109278,2197135,572834,579569,1152403,1660691,1688847,3349538
TOWNSVILLE,2015,9,66864,67845,134709,1111,1698,2809,67975,69543,137518
ADELAIDE,2015,10,315821,304706,620527,39982,32407,72389,355803,337113,692916
ALICE SPRINGS,2015,10,27027,27745,54772,0,0,0,27027,27745,54772
All Australian Airports,2015,10,5158576,5158576,10317152,1631063,1391059,3022122,6789639,6549635,13339274
BALLINA,2015,10,21492,22587,44079,0,0,0,21492,22587,44079
BRISBANE,2015,10,752480,761055,1513535,242288,216271,458559,994768,977326,1972094
CAIRNS,2015,10,178571,187352,365923,25590,23096,48686,204161,210448,414609
CANBERRA,2015,10,126705,122960,249665,0,0,0,126705,122960,249665
DARWIN,2015,10,73852,80226,154078,11222,9569,20791,85074,89795,174869
GOLD COAST,2015,10,236242,241794,478036,45123,40934,86057,281365,282728,564093
HOBART,2015,10,99361,94374,193735,0,0,0,99361,94374,193735
KARRATHA,2015,10,26024,25986,52010,0,0,0,26024,25986,52010
LAUNCESTON,2015,10,56542,53452,109994,0,0,0,56542,53452,109994
MACKAY,2015,10,36013,36482,72495,0,0,0,36013,36482,72495
MELBOURNE,2015,10,1087942,1081715,2169657,422440,352894,775334,1510382,1434609,2944991
NEWCASTLE,2015,10,53226,53114,106340,0,0,0,53226,53114,106340
PERTH,2015,10,376349,371879,748228,201257,159865,361122,577606,531744,1109350
PROSERPINE,2015,10,15690,16533,32223,0,0,0,15690,16533,32223
ROCKHAMPTON,2015,10,26606,26540,53146,0,0,0,26606,26540,53146
SUNSHINE COAST,2015,10,43308,45063,88371,1104,1133,2237,44412,46196,90608
SYDNEY,2015,10,1176002,1166705,2342707,639213,552224,1191437,1815215,1718929,3534144
TOWNSVILLE,2015,10,67865,67814,135679,1815,1720,3535,69680,69534,139214
ADELAIDE,2015,11,296138,294450,590588,30136,30705,60841,326274,325155,651429
ALICE SPRINGS,2015,11,25183,25315,50498,0,0,0,25183,25315,50498
All Australian Airports,2015,11,4917705,4917705,9835410,1403347,1420285,2823632,6321052,6337990,12659042
BALLINA,2015,11,18420,18281,36701,0,0,0,18420,18281,36701
BRISBANE,2015,11,716798,726921,1443719,202450,210900,413350,919248,937821,1857069
CAIRNS,2015,11,165109,167707,332816,21836,23067,44903,186945,190774,377719
CANBERRA,2015,11,127260,123247,250507,0,0,0,127260,123247,250507
DARWIN,2015,11,66020,67254,133274,9269,9372,18641,75289,76626,151915
GOLD COAST,2015,11,212679,218157,430836,38050,40108,78158,250729,258265,508994
HOBART,2015,11,99925,99671,199596,0,0,0,99925,99671,199596
KARRATHA,2015,11,25465,24652,50117,0,0,0,25465,24652,50117
LAUNCESTON,2015,11,58767,57575,116342,0,0,0,58767,57575,116342
MACKAY,2015,11,33988,33821,67809,0,0,0,33988,33821,67809
MELBOURNE,2015,11,1040806,1038007,2078813,369057,367768,736825,1409863,1405775,2815638
NEWCASTLE,2015,11,49346,50066,99412,0,0,0,49346,50066,99412
PERTH,2015,11,350883,348296,699179,161118,156852,317970,512001,505148,1017149
PROSERPINE,2015,11,14857,15355,30212,0,0,0,14857,15355,30212
ROCKHAMPTON,2015,11,25321,26155,51476,0,0,0,25321,26155,51476
SUNSHINE COAST,2015,11,39106,40016,79122,0,0,0,39106,40016,79122
SYDNEY,2015,11,1135940,1126558,2262498,570432,579909,1150341,1706372,1706467,3412839
TOWNSVILLE,2015,11,59754,61357,121111,348,881,1229,60102,62238,122340
ADELAIDE,2015,12,298324,301313,599637,36126,43398,79524,334450,344711,679161
ALICE SPRINGS,2015,12,20426,23679,44105,0,0,0,20426,23679,44105
All Australian Airports,2015,12,5028280,5028280,10056560,1580055,1847744,3427799,6608335,6876024,13484359
BALLINA,2015,12,22277,21230,43507,0,0,0,22277,21230,43507
BRISBANE,2015,12,754152,733470,1487622,232652,268343,500995,986804,1001813,1988617
CAIRNS,2015,12,182390,171966,354356,24899,27384,52283,207289,199350,406639
CANBERRA,2015,12,107340,116006,223346,0,0,0,107340,116006,223346
DARWIN,2015,12,59547,74649,134196,8199,13996,22195,67746,88645,156391
GOLD COAST,2015,12,242367,230040,472407,45218,51494,96712,287585,281534,569119
HOBART,2015,12,119726,107224,226950,0,0,0,119726,107224,226950
KARRATHA,2015,12,20550,25239,45789,0,0,0,20550,25239,45789
LAUNCESTON,2015,12,70521,62644,133165,0,0,0,70521,62644,133165
MACKAY,2015,12,33735,35613,69348,0,0,0,33735,35613,69348
MELBOURNE,2015,12,1042951,1067979,2110930,408817,468826,877643,1451768,1536805,2988573
NEWCASTLE,2015,12,50922,49590,100512,0,0,0,50922,49590,100512
PERTH,2015,12,366185,364502,730687,177833,225340,403173,544018,589842,1133860
PROSERPINE,2015,12,15727,15960,31687,0,0,0,15727,15960,31687
ROCKHAMPTON,2015,12,24365,24938,49303,0,0,0,24365,24938,49303
SUNSHINE COAST,2015,12,43719,41433,85152,636,701,1337,44355,42134,86489
SYDNEY,2015,12,1157667,1146169,2303836,643342,745391,1388733,1801009,1891560,3692569
TOWNSVILLE,2015,12,62377,66334,128711,1571,1979,3550,63948,68313,132261
ADELAIDE,2016,1,282520,284142,566662,44890,39537,84427,327410,323679,651089
ALICE SPRINGS,2016,1,21595,18953,40548,0,0,0,21595,18953,40548
All Australian Airports,2016,1,4792766,4792766,9585532,1918216,1642055,3560271,6710982,6434821,13145803
BALLINA,2016,1,22620,24286,46906,0,0,0,22620,24286,46906
BRISBANE,2016,1,668003,684524,1352527,272608,233848,506456,940611,918372,1858983
CAIRNS,2016,1,166392,180143,346535,28354,25600,53954,194746,205743,400489
CANBERRA,2016,1,95222,85827,181049,0,0,0,95222,85827,181049
DARWIN,2016,1,69180,55538,124718,14691,10021,24712,83871,65559,149430
GOLD COAST,2016,1,247220,268967,516187,52344,43905,96249,299564,312872,612436
HOBART,2016,1,108012,124464,232476,0,0,0,108012,124464,232476
KARRATHA,2016,1,21683,18456,40139,0,0,0,21683,18456,40139
LAUNCESTON,2016,1,63517,72206,135723,0,0,0,63517,72206,135723
MACKAY,2016,1,30454,28859,59313,0,0,0,30454,28859,59313
MELBOURNE,2016,1,1054336,987466,2041802,479446,415848,895294,1533782,1403314,2937096
NEWCASTLE,2016,1,46952,48275,95227,0,0,0,46952,48275,95227
PERTH,2016,1,339718,348882,688600,239957,194026,433983,579675,542908,1122583
PROSERPINE,2016,1,14831,16301,31132,0,0,0,14831,16301,31132
ROCKHAMPTON,2016,1,20585,19538,40123,0,0,0,20585,19538,40123
SUNSHINE COAST,2016,1,42454,47148,89602,1157,1031,2188,43611,48179,91790
SYDNEY,2016,1,1104447,1113703,2218150,781878,675908,1457786,1886325,1789611,3675936
TOWNSVILLE,2016,1,58001,53823,111824,1864,1370,3234,59865,55193,115058
ADELAIDE,2016,2,267124,259758,526882,35415,29381,64796,302539,289139,591678
ALICE SPRINGS,2016,2,21495,20697,42192,0,0,0,21495,20697,42192
All Australian Airports,2016,2,4440650,4440650,8881300,1560626,1375056,2935682,6001276,5815706,11816982
BALLINA,2016,2,18248,18346,36594,0,0,0,18248,18346,36594
BRISBANE,2016,2,627222,628947,1256169,212385,196486,408871,839607,825433,1665040
CAIRNS,2016,2,147359,150684,298043,29128,28700,57828,176487,179384,355871
CANBERRA,2016,2,113441,110029,223470,0,0,0,113441,110029,223470
DARWIN,2016,2,52593,53943,106536,9106,7612,16718,61699,61555,123254
GOLD COAST,2016,2,197007,202951,399958,42775,36302,79077,239782,239253,479035
HOBART,2016,2,97978,97936,195914,0,0,0,97978,97936,195914
KARRATHA,2016,2,20037,19143,39180,0,0,0,20037,19143,39180
LAUNCESTON,2016,2,57729,56406,114135,0,0,0,57729,56406,114135
MACKAY,2016,2,28048,28251,56299,0,0,0,28048,28251,56299
MELBOURNE,2016,2,962294,958670,1920964,409332,354902,764234,1371626,1313572,2685198
NEWCASTLE,2016,2,44280,45153,89433,0,0,0,44280,45153,89433
PERTH,2016,2,298463,306771,605234,183022,150969,333991,481485,457740,939225
PROSERPINE,2016,2,13452,13838,27290,0,0,0,13452,13838,27290
ROCKHAMPTON,2016,2,21204,20977,42181,0,0,0,21204,20977,42181
SUNSHINE COAST,2016,2,31549,31537,63086,799,791,1590,32348,32328,64676
SYDNEY,2016,2,1056881,1054242,2111123,636639,567917,1204556,1693520,1622159,3315679
TOWNSVILLE,2016,2,49452,48711,98163,1352,1370,2722,50804,50081,100885
ADELAIDE,2016,3,305728,298866,604594,32873,33552,66425,338601,332418,671019
ALICE SPRINGS,2016,3,25382,24926,50308,0,0,0,25382,24926,50308
All Australian Airports,2016,3,4948572,4948572,9897144,1470828,1538489,3009317,6419400,6487061,12906461
BALLINA,2016,3,21013,20676,41689,0,0,0,21013,20676,41689
BRISBANE,2016,3,710475,717302,1427777,207898,219618,427516,918373,936920,1855293
CAIRNS,2016,3,161725,158261,319986,26429,29816,56245,188154,188077,376231
CANBERRA,2016,3,125542,126699,252241,0,0,0,125542,126699,252241
DARWIN,2016,3,65319,65196,130515,8824,9100,17924,74143,74296,148439
GOLD COAST,2016,3,219004,218426,437430,46336,44337,90673,265340,262763,528103
HOBART,2016,3,104741,107306,212047,0,0,0,104741,107306,212047
KARRATHA,2016,3,21020,21745,42765,0,0,0,21020,21745,42765
LAUNCESTON,2016,3,61282,61169,122451,0,0,0,61282,61169,122451
MACKAY,2016,3,33248,33232,66480,0,0,0,33248,33232,66480
MELBOURNE,2016,3,1040159,1071754,2111913,375712,400070,775782,1415871,1471824,2887695
NEWCASTLE,2016,3,50766,50326,101092,0,0,0,50766,50326,101092
PERTH,2016,3,351129,344678,695807,169100,174373,343473,520229,519051,1039280
PROSERPINE,2016,3,14101,13833,27934,0,0,0,14101,13833,27934
ROCKHAMPTON,2016,3,23995,24732,48727,0,0,0,23995,24732,48727
SUNSHINE COAST,2016,3,38086,37653,75739,0,0,0,38086,37653,75739
SYDNEY,2016,3,1162751,1135735,2298486,601343,625198,1226541,1764094,1760933,3525027
TOWNSVILLE,2016,3,58566,58563,117129,1555,1604,3159,60121,60167,120288
ADELAIDE,2016,4,291320,302867,594187,31541,36181,67722,322861,339048,661909
ALICE SPRINGS,2016,4,24991,24943,49934,0,0,0,24991,24943,49934
All Australian Airports,2016,4,4813506,4813506,9627012,1481132,1478130,2959262,6294638,6291636,12586274
BALLINA,2016,4,19736,20262,39998,0,0,0,19736,20262,39998
BRISBANE,2016,4,698082,690470,1388552,212414,207393,419807,910496,897863,1808359
CAIRNS,2016,4,158962,163293,322255,25976,25867,51843,184938,189160,374098
CANBERRA,2016,4,118371,122047,240418,0,0,0,118371,122047,240418
DARWIN,2016,4,72103,70832,142935,9808,10021,19829,81911,80853,162764
GOLD COAST,2016,4,213036,219439,432475,45883,39557,85440,258919,258996,517915
HOBART,2016,4,94140,102924,197064,0,0,0,94140,102924,197064
KARRATHA,2016,4,20794,21126,41920,0,0,0,20794,21126,41920
LAUNCESTON,2016,4,54996,60277,115273,0,0,0,54996,60277,115273
MACKAY,2016,4,32759,32306,65065,0,0,0,32759,32306,65065
MELBOURNE,2016,4,1034619,975844,2010463,377543,363931,741474,1412162,1339775,2751937
NEWCASTLE,2016,4,46121,48685,94806,0,0,0,46121,48685,94806
PERTH,2016,4,339551,343860,683411,172768,180423,353191,512319,524283,1036602
PROSERPINE,2016,4,13458,13972,27430,0,0,0,13458,13972,27430
ROCKHAMPTON,2016,4,24289,23917,48206,0,0,0,24289,23917,48206
SUNSHINE COAST,2016,4,40425,41283,81708,0,0,0,40425,41283,81708
SYDNEY,2016,4,1105980,1120670,2226650,602761,612185,1214946,1708741,1732855,3441596
TOWNSVILLE,2016,4,61298,59331,120629,1417,1604,3021,62715,60935,123650
ADELAIDE,2016,5,281939,282036,563975,31336,37676,69012,313275,319712,632987
ALICE SPRINGS,2016,5,23863,24436,48299,0,0,0,23863,24436,48299
All Australian Airports,2016,5,4637908,4637908,9275816,1301845,1389018,2690863,5939753,6026926,11966679
BALLINA,2016,5,16647,17018,33665,0,0,0,16647,17018,33665
BRISBANE,2016,5,684637,680157,1364794,192720,200906,393626,877357,881063,1758420
CAIRNS,2016,5,153667,154045,307712,18986,22772,41758,172653,176817,349470
CANBERRA,2016,5,121205,120895,242100,0,0,0,121205,120895,242100
DARWIN,2016,5,76985,73577,150562,10481,11275,21756,87466,84852,172318
GOLD COAST,2016,5,190164,193810,383974,40725,37346,78071,230889,231156,462045
HOBART,2016,5,86020,90531,176551,0,0,0,86020,90531,176551
KARRATHA,2016,5,23696,22587,46283,0,0,0,23696,22587,46283
LAUNCESTON,2016,5,47415,49237,96652,0,0,0,47415,49237,96652
MACKAY,2016,5,32884,32963,65847,0,0,0,32884,32963,65847
MELBOURNE,2016,5,965286,979592,1944878,329015,361483,690498,1294301,1341075,2635376
NEWCASTLE,2016,5,47968,47961,95929,0,0,0,47968,47961,95929
PERTH,2016,5,323448,324678,648126,149078,158887,307965,472526,483565,956091
PROSERPINE,2016,5,11882,12342,24224,0,0,0,11882,12342,24224
ROCKHAMPTON,2016,5,25201,25046,50247,0,0,0,25201,25046,50247
SUNSHINE COAST,2016,5,34073,34407,68480,0,0,0,34073,34407,68480
SYDNEY,2016,5,1072295,1055096,2127391,526968,555830,1082798,1599263,1610926,3210189
TOWNSVILLE,2016,5,63397,62570,125967,1685,1933,3618,65082,64503,129585
ADELAIDE,2016,6,269707,262566,532273,33289,39790,73079,302996,302356,605352
ALICE SPRINGS,2016,6,26273,25397,51670,0,0,0,26273,25397,51670
All Australian Airports,2016,6,4578644,4578644,9157288,1330046,1575902,2905948,5908690,6154546,12063236
BALLINA,2016,6,16601,15990,32591,0,0,0,16601,15990,32591
BRISBANE,2016,6,686183,685336,1371519,201824,228594,430418,888007,913930,1801937
CAIRNS,2016,6,177835,162796,340631,20267,23078,43345,198102,185874,383976
CANBERRA,2016,6,116467,119291,235758,0,0,0,116467,119291,235758
DARWIN,2016,6,89663,83070,172733,10734,13149,23883,100397,96219,196616
GOLD COAST,2016,6,195060,186355,381415,40144,43653,83797,235204,230008,465212
HOBART,2016,6,86667,86917,173584,0,0,0,86667,86917,173584
KARRATHA,2016,6,20235,21159,41394,0,0,0,20235,21159,41394
LAUNCESTON,2016,6,45377,45564,90941,0,0,0,45377,45564,90941
MACKAY,2016,6,31980,32428,64408,0,0,0,31980,32428,64408
MELBOURNE,2016,6,934008,983208,1917216,344024,421392,765416,1278032,1404600,2682632
NEWCASTLE,2016,6,46132,46062,92194,0,0,0,46132,46062,92194
PERTH,2016,6,319153,317203,636356,153342,186840,340182,472495,504043,976538
PROSERPINE,2016,6,12667,12157,24824,0,0,0,12667,12157,24824
ROCKHAMPTON,2016,6,24694,24846,49540,0,0,0,24694,24846,49540
SUNSHINE COAST,2016,6,36604,33840,70444,0,0,0,36604,33840,70444
SYDNEY,2016,6,1032639,1022740,2055379,524116,616675,1140791,1556755,1639415,3196170
TOWNSVILLE,2016,6,64868,64899,129767,1663,2044,3707,66531,66943,133474
ADELAIDE,2016,7,300002,307952,607954,47258,43425,90683,347260,351377,698637
ALICE SPRINGS,2016,7,29511,31770,61281,0,0,0,29511,31770,61281
All Australian Airports,2016,7,5156435,5156435,10312870,1832875,1574975,3407850,6989310,6731410,13720720
BALLINA,2016,7,20878,21002,41880,0,0,0,20878,21002,41880
BRISBANE,2016,7,774563,759615,1534178,265175,226192,491367,1039738,985807,2025545
CAIRNS,2016,7,205259,208746,414005,28946,24878,53824,234205,233624,467829
CANBERRA,2016,7,124246,122447,246693,0,0,0,124246,122447,246693
DARWIN,2016,7,96087,97283,193370,15791,13694,29485,111878,110977,222855
GOLD COAST,2016,7,232007,236570,468577,59466,47514,106980,291473,284084,575557
HOBART,2016,7,90828,92811,183639,0,0,0,90828,92811,183639
KARRATHA,2016,7,20847,20392,41239,0,0,0,20847,20392,41239
LAUNCESTON,2016,7,53340,54414,107754,0,0,0,53340,54414,107754
MACKAY,2016,7,33613,33546,67159,0,0,0,33613,33546,67159
MELBOURNE,2016,7,1099867,1051762,2151629,473996,402026,876022,1573863,1453788,3027651
NEWCASTLE,2016,7,52867,53175,106042,0,0,0,52867,53175,106042
PERTH,2016,7,345310,359636,704946,217460,185918,403378,562770,545554,1108324
PROSERPINE,2016,7,14239,14944,29183,0,0,0,14239,14944,29183
ROCKHAMPTON,2016,7,25130,25466,50596,0,0,0,25130,25466,50596
SUNSHINE COAST,2016,7,45489,45561,91050,2074,1472,3546,47563,47033,94596
SYDNEY,2016,7,1154741,1177544,2332285,719961,627148,1347109,1874702,1804692,3679394
TOWNSVILLE,2016,7,72641,70220,142861,1973,1919,3892,74614,72139,146753
ADELAIDE,2016,8,284393,279860,564253,39027,40220,79247,323420,320080,643500
ALICE SPRINGS,2016,8,28224,29224,57448,0,0,0,28224,29224,57448
All Australian Airports,2016,8,4856516,4856516,9713032,1514269,1548743,3063012,6370785,6405259,12776044
BALLINA,2016,8,16839,17001,33840,0,0,0,16839,17001,33840
BRISBANE,2016,8,717033,719211,1436244,221238,238799,460037,938271,958010,1896281
CAIRNS,2016,8,189152,195768,384920,28342,33282,61624,217494,229050,446544
CANBERRA,2016,8,126885,123817,250702,0,0,0,126885,123817,250702
DARWIN,2016,8,85340,92203,177543,12553,12772,25325,97893,104975,202868
GOLD COAST,2016,8,210580,215272,425852,47794,48410,96204,258374,263682,522056
HOBART,2016,8,83265,85213,168478,0,0,0,83265,85213,168478
KARRATHA,2016,8,21137,20783,41920,0,0,0,21137,20783,41920
LAUNCESTON,2016,8,44702,44901,89603,0,0,0,44702,44901,89603
MACKAY,2016,8,32588,32852,65440,0,0,0,32588,32852,65440
MELBOURNE,2016,8,1007425,1007861,2015286,387190,393644,780834,1394615,1401505,2796120
NEWCASTLE,2016,8,50653,50216,100869,0,0,0,50653,50216,100869
PERTH,2016,8,333833,330911,664744,172310,168899,341209,506143,499810,1005953
PROSERPINE,2016,8,14357,14671,29028,0,0,0,14357,14671,29028
ROCKHAMPTON,2016,8,25307,25273,50580,0,0,0,25307,25273,50580
SUNSHINE COAST,2016,8,38254,38622,76876,1740,1512,3252,39994,40134,80128
SYDNEY,2016,8,1112898,1096154,2209052,601925,608827,1210752,1714823,1704981,3419804
TOWNSVILLE,2016,8,64208,66056,130264,1609,1800,3409,65817,67856,133673
ADELAIDE,2016,9,293756,288573,582329,42085,41067,83152,335841,329640,665481
ALICE SPRINGS,2016,9,28047,28214,56261,0,0,0,28047,28214,56261
All Australian Airports,2016,9,5029232,5029232,10058464,1583513,1592100,3175613,6612745,6621332,13234077
BALLINA,2016,9,22038,20627,42665,0,0,0,22038,20627,42665
BRISBANE,2016,9,751149,738748,1489897,235700,237262,472962,986849,976010,1962859
CAIRNS,2016,9,191670,182330,374000,27185,29632,56817,218855,211962,430817
CANBERRA,2016,9,123755,129234,252989,1421,1784,3205,125176,131018,256194
DARWIN,2016,9,81116,82094,163210,11777,12080,23857,92893,94174,187067
GOLD COAST,2016,9,236038,225191,461229,48322,48558,96880,284360,273749,558109
HOBART,2016,9,94732,90362,185094,0,0,0,94732,90362,185094
KARRATHA,2016,9,20716,20875,41591,0,0,0,20716,20875,41591
LAUNCESTON,2016,9,50064,48950,99014,0,0,0,50064,48950,99014
MACKAY,2016,9,32594,33221,65815,0,0,0,32594,33221,65815
MELBOURNE,2016,9,1059435,1055705,2115140,407615,395718,803333,1467050,1451423,2918473
NEWCASTLE,2016,9,53555,54507,108062,0,0,0,53555,54507,108062
PERTH,2016,9,345591,347858,693449,187478,191734,379212,533069,539592,1072661
PROSERPINE,2016,9,15023,14654,29677,0,0,0,15023,14654,29677
ROCKHAMPTON,2016,9,26180,26113,52293,0,0,0,26180,26113,52293
SUNSHINE COAST,2016,9,46247,44443,90690,1894,1746,3640,48141,46189,94330
SYDNEY,2016,9,1125415,1159911,2285326,617389,630118,1247507,1742804,1790029,3532833
TOWNSVILLE,2016,9,66576,68269,134845,1969,1734,3703,68545,70003,138548
ADELAIDE,2016,10,317098,319192,636290,46341,35408,81749,363439,354600,718039
ALICE SPRINGS,2016,10,28695,29258,57953,0,0,0,28695,29258,57953
All Australian Airports,2016,10,5210059,5210059,10420118,1740278,1485480,3225758,6950337,6695539,13645876
BALLINA,2016,10,23453,23982,47435,0,0,0,23453,23982,47435
BRISBANE,2016,10,745465,757564,1503029,251916,231523,483439,997381,989087,1986468
CAIRNS,2016,10,190492,197416,387908,27703,26910,54613,218195,224326,442521
CANBERRA,2016,10,131890,124676,256566,3821,3174,6995,135711,127850,263561
DARWIN,2016,10,80062,84059,164121,12234,11149,23383,92296,95208,187504
GOLD COAST,2016,10,241097,246926,488023,48289,44655,92944,289386,291581,580967
HOBART,2016,10,104258,101159,205417,0,0,0,104258,101159,205417
KARRATHA,2016,10,21361,19801,41162,0,0,0,21361,19801,41162
LAUNCESTON,2016,10,55946,52152,108098,0,0,0,55946,52152,108098
MACKAY,2016,10,32954,33473,66427,0,0,0,32954,33473,66427
MELBOURNE,2016,10,1093450,1100268,2193718,439964,373475,813439,1533414,1473743,3007157
NEWCASTLE,2016,10,57411,56414,113825,0,0,0,57411,56414,113825
PERTH,2016,10,353502,358906,712408,212243,166592,378835,565745,525498,1091243
PROSERPINE,2016,10,15452,16245,31697,0,0,0,15452,16245,31697
ROCKHAMPTON,2016,10,25428,25446,50874,0,0,0,25428,25446,50874
SUNSHINE COAST,2016,10,47646,48922,96568,1663,1627,3290,49309,50549,99858
SYDNEY,2016,10,1202970,1174544,2377514,693223,588318,1281541,1896193,1762862,3659055
TOWNSVILLE,2016,10,64602,64935,129537,2053,1842,3895,66655,66777,133432
ADELAIDE,2016,11,304689,305932,610621,34776,36227,71003,339465,342159,681624
ALICE SPRINGS,2016,11,25078,25258,50336,0,0,0,25078,25258,50336
All Australian Airports,2016,11,5021928,5021928,10043856,1489028,1536531,3025559,6510956,6558459,13069415
BALLINA,2016,11,20317,20018,40335,0,0,0,20317,20018,40335
BRISBANE,2016,11,715585,722357,1437942,212287,226400,438687,927872,948757,1876629
CAIRNS,2016,11,171693,174915,346608,23821,26864,50685,195514,201779,397293
CANBERRA,2016,11,134343,131391,265734,3393,3274,6667,137736,134665,272401
DARWIN,2016,11,68187,68918,137105,9560,9637,19197,77747,78555,156302
GOLD COAST,2016,11,217585,221922,439507,41995,42664,84659,259580,264586,524166
HOBART,2016,11,103495,103545,207040,0,0,0,103495,103545,207040
KARRATHA,2016,11,21485,20519,42004,0,0,0,21485,20519,42004
LAUNCESTON,2016,11,58326,56791,115117,0,0,0,58326,56791,115117
MACKAY,2016,11,31026,30902,61928,0,0,0,31026,30902,61928
MELBOURNE,2016,11,1081488,1066390,2147878,386213,394006,780219,1467701,1460396,2928097
NEWCASTLE,2016,11,52703,53000,105703,0,0,0,52703,53000,105703
PERTH,2016,11,336632,340980,677612,168867,172050,340917,505499,513030,1018529
PROSERPINE,2016,11,13699,13958,27657,0,0,0,13699,13958,27657
ROCKHAMPTON,2016,11,24719,25047,49766,0,0,0,24719,25047,49766
SUNSHINE COAST,2016,11,44417,46669,91086,0,0,0,44417,46669,91086
SYDNEY,2016,11,1170274,1167166,2337440,605826,622927,1228753,1776100,1790093,3566193
TOWNSVILLE,2016,11,58528,59861,118389,1523,1763,3286,60051,61624,121675
ADELAIDE,2016,12,304574,301400,605974,41707,51177,92884,346281,352577,698858
ALICE SPRINGS,2016,12,21308,24636,45944,0,0,0,21308,24636,45944
All Australian Airports,2016,12,5108085,5108085,10216170,1691033,1966585,3657618,6799118,7074670,13873788
BALLINA,2016,12,25920,24405,50325,0,0,0,25920,24405,50325
BRISBANE,2016,12,760279,732945,1493224,242936,273622,516558,1003215,1006567,2009782
CAIRNS,2016,12,188179,177439,365618,28437,31320,59757,216616,208759,425375
CANBERRA,2016,12,113363,124710,238073,2743,4161,6904,116106,128871,244977
DARWIN,2016,12,62865,76916,139781,8924,17076,26000,71789,93992,165781
GOLD COAST,2016,12,246168,236962,483130,48627,53957,102584,294795,290919,585714
HOBART,2016,12,127433,113400,240833,0,0,0,127433,113400,240833
KARRATHA,2016,12,15435,19862,35297,0,0,0,15435,19862,35297
LAUNCESTON,2016,12,72849,63415,136264,0,0,0,72849,63415,136264
MACKAY,2016,12,31024,32448,63472,0,0,0,31024,32448,63472
MELBOURNE,2016,12,1063853,1097863,2161716,444950,511091,956041,1508803,1608954,3117757
NEWCASTLE,2016,12,54559,53371,107930,0,0,0,54559,53371,107930
PERTH,2016,12,361956,352837,714793,188630,234209,422839,550586,587046,1137632
PROSERPINE,2016,12,16488,16274,32762,0,0,0,16488,16274,32762
ROCKHAMPTON,2016,12,25262,25852,51114,0,0,0,25262,25852,51114
SUNSHINE COAST,2016,12,50172,47251,97423,0,0,0,50172,47251,97423
SYDNEY,2016,12,1162146,1165002,2327148,681661,787236,1468897,1843807,1952238,3796045
TOWNSVILLE,2016,12,61979,66646,128625,1746,2087,3833,63725,68733,132458
ADELAIDE,2017,1,292441,295396,587837,51344,42933,94277,343785,338329,682114
ALICE SPRINGS,2017,1,23339,20651,43990,0,0,0,23339,20651,43990
All Australian Airports,2017,1,4943529,4943529,9887058,2044464,1757649,3802113,6987993,6701178,13689171
BALLINA,2017,1,24867,27034,51901,0,0,0,24867,27034,51901
BRISBANE,2017,1,679191,700014,1379205,280306,243488,523794,959497,943502,1902999
CAIRNS,2017,1,179655,190233,369888,31070,29762,60832,210725,219995,430720
CANBERRA,2017,1,101509,90217,191726,4665,3403,8068,106174,93620,199794
DARWIN,2017,1,72297,60709,133006,17466,11510,28976,89763,72219,161982
GOLD COAST,2017,1,249932,269342,519274,57691,46200,103891,307623,315542,623165
HOBART,2017,1,118191,132076,250267,0,0,0,118191,132076,250267
KARRATHA,2017,1,19267,15565,34832,0,0,0,19267,15565,34832
LAUNCESTON,2017,1,67589,75597,143186,0,0,0,67589,75597,143186
MACKAY,2017,1,28407,27492,55899,0,0,0,28407,27492,55899
MELBOURNE,2017,1,1090953,1037134,2128087,523394,456706,980100,1614347,1493840,3108187
NEWCASTLE,2017,1,54287,54089,108376,0,0,0,54287,54089,108376
PERTH,2017,1,337758,352883,690641,239999,196653,436652,577757,549536,1127293
PROSERPINE,2017,1,15556,16081,31637,0,0,0,15556,16081,31637
ROCKHAMPTON,2017,1,21665,20165,41830,0,0,0,21665,20165,41830
SUNSHINE COAST,2017,1,49190,53993,103183,0,0,0,49190,53993,103183
SYDNEY,2017,1,1127330,1128197,2255527,835438,724531,1559969,1962768,1852728,3815496
TOWNSVILLE,2017,1,57767,53413,111180,2224,1623,3847,59991,55036,115027
ADELAIDE,2017,2,265665,258284,523949,37838,30773,68611,303503,289057,592560
ALICE SPRINGS,2017,2,21339,19791,41130,0,0,0,21339,19791,41130
All Australian Airports,2017,2,4326950,4326950,8653900,1599434,1371201,2970635,5926384,5698151,11624535
BALLINA,2017,2,18510,18387,36897,0,0,0,18510,18387,36897
BRISBANE,2017,2,603110,607321,1210431,217270,195290,412560,820380,802611,1622991
CAIRNS,2017,2,136709,142652,279361,24322,24762,49084,161031,167414,328445
CANBERRA,2017,2,114565,110886,225451,3255,2652,5907,117820,113538,231358
DARWIN,2017,2,52881,53877,106758,10799,7972,18771,63680,61849,125529
GOLD COAST,2017,2,190703,196827,387530,42614,36458,79072,233317,233285,466602
HOBART,2017,2,103325,102059,205384,0,0,0,103325,102059,205384
KARRATHA,2017,2,16771,16556,33327,0,0,0,16771,16556,33327
LAUNCESTON,2017,2,57412,56874,114286,0,0,0,57412,56874,114286
MACKAY,2017,2,26775,27417,54192,0,0,0,26775,27417,54192
MELBOURNE,2017,2,936529,925300,1861829,424162,354176,778338,1360691,1279476,2640167
NEWCASTLE,2017,2,44928,44996,89924,0,0,0,44928,44996,89924
PERTH,2017,2,281671,288163,569834,181235,146779,328014,462906,434942,897848
PROSERPINE,2017,2,12029,12292,24321,0,0,0,12029,12292,24321
ROCKHAMPTON,2017,2,21090,20902,41992,0,0,0,21090,20902,41992
SUNSHINE COAST,2017,2,34293,34971,69264,0,0,0,34293,34971,69264
SYDNEY,2017,2,1029813,1028231,2058044,655651,570218,1225869,1685464,1598449,3283913
TOWNSVILLE,2017,2,48518,48312,96830,1677,1594,3271,50195,49906,100101
ADELAIDE,2017,3,309494,311591,621085,34763,36346,71109,344257,347937,692194
ALICE SPRINGS,2017,3,26451,25518,51969,0,0,0,26451,25518,51969
All Australian Airports,2017,3,4971221,4971221,9942442,1509048,1550291,3059339,6480269,6521512,13001781
BALLINA,2017,3,20445,20625,41070,0,0,0,20445,20625,41070
BRISBANE,2017,3,704824,700905,1405729,215447,224530,439977,920271,925435,1845706
CAIRNS,2017,3,159059,158396,317455,27174,30646,57820,186233,189042,375275
CANBERRA,2017,3,135406,138246,273652,3369,3140,6509,138775,141386,280161
DARWIN,2017,3,66113,64352,130465,9524,9890,19414,75637,74242,149879
GOLD COAST,2017,3,215154,212372,427526,44795,42345,87140,259949,254717,514666
HOBART,2017,3,107501,111737,219238,0,0,0,107501,111737,219238
KARRATHA,2017,3,19207,19750,38957,0,0,0,19207,19750,38957
LAUNCESTON,2017,3,59033,61568,120601,0,0,0,59033,61568,120601
MACKAY,2017,3,27660,28612,56272,0,0,0,27660,28612,56272
MELBOURNE,2017,3,1067607,1069795,2137402,388096,397069,785165,1455703,1466864,2922567
NEWCASTLE,2017,3,51795,52664,104459,0,0,0,51795,52664,104459
PERTH,2017,3,331228,332182,663410,168813,174935,343748,500041,507117,1007158
PROSERPINE,2017,3,11513,11715,23228,0,0,0,11513,11715,23228
ROCKHAMPTON,2017,3,24218,25245,49463,0,0,0,24218,25245,49463
SUNSHINE COAST,2017,3,40638,40397,81035,0,0,0,40638,40397,81035
SYDNEY,2017,3,1174197,1156629,2330826,614723,629062,1243785,1788920,1785691,3574611
TOWNSVILLE,2017,3,56804,58317,115121,1603,1632,3235,58407,59949,118356
ADELAIDE,2017,4,294726,296413,591139,34119,39693,73812,328845,336106,664951
ALICE SPRINGS,2017,4,25998,25917,51915,0,0,0,25998,25917,51915
All Australian Airports,2017,4,4907642,4907642,9815284,1634650,1673176,3307826,6542292,6580818,13123110
BALLINA,2017,4,24319,24171,48490,0,0,0,24319,24171,48490
BRISBANE,2017,4,700334,701979,1402313,236642,240158,476800,936976,942137,1879113
CAIRNS,2017,4,181848,180316,362164,24815,27684,52499,206663,208000,414663
CANBERRA,2017,4,118282,119097,237379,3961,3427,7388,122243,122524,244767
DARWIN,2017,4,72784,72757,145541,11407,11660,23067,84191,84417,168608
GOLD COAST,2017,4,230176,233720,463896,48791,45433,94224,278967,279153,558120
HOBART,2017,4,104746,109772,214518,0,0,0,104746,109772,214518
KARRATHA,2017,4,17755,17832,35587,0,0,0,17755,17832,35587
LAUNCESTON,2017,4,58771,60217,118988,0,0,0,58771,60217,118988
MACKAY,2017,4,32546,32692,65238,0,0,0,32546,32692,65238
MELBOURNE,2017,4,1046704,1038005,2084709,421407,426800,848207,1468111,1464805,2932916
NEWCASTLE,2017,4,54660,53913,108573,0,0,0,54660,53913,108573
PERTH,2017,4,335208,333755,668963,185833,193652,379485,521041,527407,1048448
PROSERPINE,2017,4,15691,14923,30614,0,0,0,15691,14923,30614
ROCKHAMPTON,2017,4,15131,14976,30107,0,0,0,15131,14976,30107
SUNSHINE COAST,2017,4,50593,50278,100871,0,0,0,50593,50278,100871
SYDNEY,2017,4,1120311,1122762,2243073,664691,681401,1346092,1785002,1804163,3589165
TOWNSVILLE,2017,4,64609,62128,126737,2025,2257,4282,66634,64385,131019
ADELAIDE,2017,5,285884,284998,570882,33197,37924,71121,319081,322922,642003
ALICE SPRINGS,2017,5,23998,25200,49198,0,0,0,23998,25200,49198
All Australian Airports,2017,5,4711540,4711540,9423080,1391507,1479723,2871230,6103047,6191263,12294310
BALLINA,2017,5,16786,17416,34202,0,0,0,16786,17416,34202
BRISBANE,2017,5,693729,679803,1373532,207596,219433,427029,901325,899236,1800561
CAIRNS,2017,5,155382,157929,313311,19798,24128,43926,175180,182057,357237
CANBERRA,2017,5,128920,129619,258539,2794,2737,5531,131714,132356,264070
DARWIN,2017,5,75843,71054,146897,10377,10756,21133,86220,81810,168030
GOLD COAST,2017,5,197532,199078,396610,40980,37658,78638,238512,236736,475248
HOBART,2017,5,88382,92193,180575,0,0,0,88382,92193,180575
KARRATHA,2017,5,20502,19185,39687,0,0,0,20502,19185,39687
LAUNCESTON,2017,5,46056,48246,94302,0,0,0,46056,48246,94302
MACKAY,2017,5,32115,32556,64671,0,0,0,32115,32556,64671
MELBOURNE,2017,5,982991,993236,1976227,355754,384545,740299,1338745,1377781,2716526
NEWCASTLE,2017,5,49583,50483,100066,0,0,0,49583,50483,100066
PERTH,2017,5,318488,324138,642626,155396,165738,321134,473884,489876,963760
PROSERPINE,2017,5,14840,15408,30248,0,0,0,14840,15408,30248
ROCKHAMPTON,2017,5,24313,24516,48829,0,0,0,24313,24516,48829
SUNSHINE COAST,2017,5,37113,37748,74861,0,0,0,37113,37748,74861
SYDNEY,2017,5,1095571,1085506,2181077,562979,593638,1156617,1658550,1679144,3337694
TOWNSVILLE,2017,5,60639,61928,122567,1954,2370,4324,62593,64298,126891
ADELAIDE,2017,6,273329,272795,546124,34097,39198,73295,307426,311993,619419
ALICE SPRINGS,2017,6,24817,24944,49761,0,0,0,24817,24944,49761
All Australian Airports,2017,6,4661036,4661036,9322072,1425247,1669146,3094393,6086283,6330182,12416465
BALLINA,2017,6,17159,16600,33759,0,0,0,17159,16600,33759
BRISBANE,2017,6,692620,694779,1387399,216431,240442,456873,909051,935221,1844272
CAIRNS,2017,6,173798,161089,334887,22086,24497,46583,195884,185586,381470
CANBERRA,2017,6,123485,128500,251985,3031,3727,6758,126516,132227,258743
DARWIN,2017,6,88397,82410,170807,11386,14142,25528,99783,96552,196335
GOLD COAST,2017,6,198253,192782,391035,39900,41871,81771,238153,234653,472806
HOBART,2017,6,90673,89636,180309,0,0,0,90673,89636,180309
KARRATHA,2017,6,19009,19354,38363,0,0,0,19009,19354,38363
LAUNCESTON,2017,6,44164,43756,87920,0,0,0,44164,43756,87920
MACKAY,2017,6,32053,32188,64241,0,0,0,32053,32188,64241
MELBOURNE,2017,6,966297,988130,1954427,368104,439357,807461,1334401,1427487,2761888
NEWCASTLE,2017,6,47872,47860,95732,0,0,0,47872,47860,95732
PERTH,2017,6,310500,312126,622626,158255,190155,348410,468755,502281,971036
PROSERPINE,2017,6,16820,16200,33020,0,0,0,16820,16200,33020
ROCKHAMPTON,2017,6,24567,23905,48472,0,0,0,24567,23905,48472
SUNSHINE COAST,2017,6,38577,36242,74819,0,0,0,38577,36242,74819
SYDNEY,2017,6,1060307,1056841,2117148,569557,673314,1242871,1629864,1730155,3360019
TOWNSVILLE,2017,6,66427,66254,132681,2106,2123,4229,68533,68377,136910
ADELAIDE,2017,7,308341,310767,619108,46589,43123,89712,354930,353890,708820
ALICE SPRINGS,2017,7,29303,30966,60269,0,0,0,29303,30966,60269
All Australian Airports,2017,7,5268550,5268550,10537100,1897855,1643059,3540914,7166405,6911609,14078014
BALLINA,2017,7,20665,20831,41496,0,0,0,20665,20831,41496
BRISBANE,2017,7,785638,777468,1563106,272272,237677,509949,1057910,1015145,2073055
CAIRNS,2017,7,208892,213575,422467,31200,26249,57449,240092,239824,479916
CANBERRA,2017,7,131376,127611,258987,3918,2969,6887,135294,130580,265874
DARWIN,2017,7,95676,98508,194184,14671,13244,27915,110347,111752,222099
GOLD COAST,2017,7,240788,238372,479160,53245,42828,96073,294033,281200,575233
HOBART,2017,7,99196,102431,201627,0,0,0,99196,102431,201627
KARRATHA,2017,7,18287,18243,36530,0,0,0,18287,18243,36530
LAUNCESTON,2017,7,51577,53418,104995,0,0,0,51577,53418,104995
MACKAY,2017,7,33542,33361,66903,0,0,0,33542,33361,66903
MELBOURNE,2017,7,1109391,1101270,2210661,498958,427923,926881,1608349,1529193,3137542
NEWCASTLE,2017,7,54242,54374,108616,0,0,0,54242,54374,108616
PERTH,2017,7,348994,352709,701703,211701,182304,394005,560695,535013,1095708
PROSERPINE,2017,7,20625,20398,41023,0,0,0,20625,20398,41023
ROCKHAMPTON,2017,7,26291,26769,53060,0,0,0,26291,26769,53060
SUNSHINE COAST,2017,7,50839,49711,100550,1948,1355,3303,52787,51066,103853
SYDNEY,2017,7,1180867,1187367,2368234,760491,662542,1423033,1941358,1849909,3791267
TOWNSVILLE,2017,7,76628,73840,150468,2452,2457,4909,79080,76297,155377
ADELAIDE,2017,8,289066,285877,574943,42160,40424,82584,331226,326301,657527
ALICE SPRINGS,2017,8,28246,29708,57954,0,0,0,28246,29708,57954
All Australian Airports,2017,8,4946975,4946975,9893950,1607947,1642140,3250087,6554922,6589115,13144037
BALLINA,2017,8,16863,16984,33847,0,0,0,16863,16984,33847
BRISBANE,2017,8,732144,735371,1467515,233723,250234,483957,965867,985605,1951472
CAIRNS,2017,8,190495,196881,387376,30565,36935,67500,221060,233816,454876
CANBERRA,2017,8,131056,131328,262384,3477,3076,6553,134533,134404,268937
DARWIN,2017,8,89393,92539,181932,11606,12589,24195,100999,105128,206127
GOLD COAST,2017,8,210013,214791,424804,45310,44960,90270,255323,259751,515074
HOBART,2017,8,87387,87859,175246,0,0,0,87387,87859,175246
KARRATHA,2017,8,18683,18913,37596,0,0,0,18683,18913,37596
LAUNCESTON,2017,8,45214,44862,90076,0,0,0,45214,44862,90076
MACKAY,2017,8,32287,33030,65317,0,0,0,32287,33030,65317
MELBOURNE,2017,8,1032519,1026705,2059224,417818,422697,840515,1450337,1449402,2899739
NEWCASTLE,2017,8,49586,49587,99173,0,0,0,49586,49587,99173
PERTH,2017,8,329875,328372,658247,174162,171298,345460,504037,499670,1003707
PROSERPINE,2017,8,19617,19839,39456,0,0,0,19617,19839,39456
ROCKHAMPTON,2017,8,25111,24886,49997,0,0,0,25111,24886,49997
SUNSHINE COAST,2017,8,42229,43299,85528,1776,1463,3239,44005,44762,88767
SYDNEY,2017,8,1125981,1110360,2236341,644683,655860,1300543,1770664,1766220,3536884
TOWNSVILLE,2017,8,69682,70924,140606,2373,2231,4604,72055,73155,145210
ADELAIDE,2017,9,296741,294811,591552,44410,42623,87033,341151,337434,678585
ALICE SPRINGS,2017,9,27367,26968,54335,0,0,0,27367,26968,54335
All Australian Airports,2017,9,5036267,5036267,10072534,1649934,1680464,3330398,6686201,6716731,13402932
BALLINA,2017,9,22647,21343,43990,0,0,0,22647,21343,43990
BRISBANE,2017,9,757027,737443,1494470,245888,248264,494152,1002915,985707,1988622
CAIRNS,2017,9,192190,182477,374667,27687,28833,56520,219877,211310,431187
CANBERRA,2017,9,131749,135681,267430,3582,3692,7274,135331,139373,274704
DARWIN,2017,9,79232,80717,159949,11525,10651,22176,90757,91368,182125
GOLD COAST,2017,9,236713,223207,459920,43479,44284,87763,280192,267491,547683
HOBART,2017,9,97992,91468,189460,0,0,0,97992,91468,189460
KARRATHA,2017,9,17037,18248,35285,0,0,0,17037,18248,35285
LAUNCESTON,2017,9,50483,48160,98643,0,0,0,50483,48160,98643
MACKAY,2017,9,34889,35186,70075,0,0,0,34889,35186,70075
MELBOURNE,2017,9,1047892,1061680,2109572,428355,438578,866933,1476247,1500258,2976505
NEWCASTLE,2017,9,54789,55360,110149,0,0,0,54789,55360,110149
PERTH,2017,9,330208,335505,665713,183141,189091,372232,513349,524596,1037945
PROSERPINE,2017,9,21317,20693,42010,0,0,0,21317,20693,42010
ROCKHAMPTON,2017,9,25076,24912,49988,0,0,0,25076,24912,49988
SUNSHINE COAST,2017,9,51975,48898,100873,1839,1731,3570,53814,50629,104443
SYDNEY,2017,9,1120569,1149275,2269844,657428,669922,1327350,1777997,1819197,3597194
TOWNSVILLE,2017,9,68660,71256,139916,2197,2368,4565,70857,73624,144481
ADELAIDE,2017,10,327412,326148,653560,46426,36194,82620,373838,362342,736180
ALICE SPRINGS,2017,10,28221,29117,57338,0,0,0,28221,29117,57338
All Australian Airports,2017,10,5383951,5383951,10767902,1826871,1543057,3369928,7210822,6927008,14137830
BALLINA,2017,10,24283,25312,49595,0,0,0,24283,25312,49595
BRISBANE,2017,10,764991,789151,1554142,260136,234779,494915,1025127,1023930,2049057
CAIRNS,2017,10,193857,204903,398760,27636,27173,54809,221493,232076,453569
CANBERRA,2017,10,139380,132630,272010,4306,3250,7556,143686,135880,279566
DARWIN,2017,10,77681,81314,158995,11330,10565,21895,89011,91879,180890
GOLD COAST,2017,10,240741,252165,492906,49333,44902,94235,290074,297067,587141
HOBART,2017,10,108902,108200,217102,0,0,0,108902,108200,217102
KARRATHA,2017,10,19576,18571,38147,0,0,0,19576,18571,38147
LAUNCESTON,2017,10,55395,55407,110802,0,0,0,55395,55407,110802
MACKAY,2017,10,35292,34648,69940,0,0,0,35292,34648,69940
MELBOURNE,2017,10,1156852,1133498,2290350,486720,396510,883230,1643572,1530008,3173580
NEWCASTLE,2017,10,58070,58060,116130,0,0,0,58070,58060,116130
PERTH,2017,10,356818,357901,714719,209573,167158,376731,566391,525059,1091450
PROSERPINE,2017,10,21185,22462,43647,0,0,0,21185,22462,43647
ROCKHAMPTON,2017,10,25201,25683,50884,0,0,0,25201,25683,50884
SUNSHINE COAST,2017,10,53541,57037,110578,1882,1725,3607,55423,58762,114185
SYDNEY,2017,10,1234112,1210014,2444126,727017,618485,1345502,1961129,1828499,3789628
TOWNSVILLE,2017,10,70105,69779,139884,2278,2100,4378,72383,71879,144262
ADELAIDE,2017,11,316350,311569,627919,37547,36871,74418,353897,348440,702337
ALICE SPRINGS,2017,11,27147,27411,54558,0,0,0,27147,27411,54558
All Australian Airports,2017,11,5180835,5180835,10361670,1571174,1620735,3191909,6752009,6801570,13553579
BALLINA,2017,11,21524,21530,43054,0,0,0,21524,21530,43054
BRISBANE,2017,11,738661,741905,1480566,222363,235437,457800,961024,977342,1938366
CAIRNS,2017,11,174737,176302,351039,24211,27170,51381,198948,203472,402420
CANBERRA,2017,11,138446,137892,276338,3759,3404,7163,142205,141296,283501
DARWIN,2017,11,67018,69239,136257,9446,9662,19108,76464,78901,155365
GOLD COAST,2017,11,226173,228215,454388,41391,43142,84533,267564,271357,538921
HOBART,2017,11,110717,110395,221112,0,0,0,110717,110395,221112
KARRATHA,2017,11,18517,19014,37531,0,0,0,18517,19014,37531
LAUNCESTON,2017,11,59175,58036,117211,0,0,0,59175,58036,117211
MACKAY,2017,11,31991,32694,64685,0,0,0,31991,32694,64685
MELBOURNE,2017,11,1115132,1106079,2221211,419680,431707,851387,1534812,1537786,3072598
NEWCASTLE,2017,11,55762,55651,111413,0,0,0,55762,55651,111413
PERTH,2017,11,340894,340217,681111,166263,164421,330684,507157,504638,1011795
PROSERPINE,2017,11,20533,20773,41306,0,0,0,20533,20773,41306
ROCKHAMPTON,2017,11,23202,23451,46653,0,0,0,23202,23451,46653
SUNSHINE COAST,2017,11,49954,51052,101006,0,0,0,49954,51052,101006
SYDNEY,2017,11,1206765,1204038,2410803,644589,666967,1311556,1851354,1871005,3722359
TOWNSVILLE,2017,11,62743,66059,128802,1622,1747,3369,64365,67806,132171
ADELAIDE,2017,12,318458,322403,640861,42206,52177,94383,360664,374580,735244
ALICE SPRINGS,2017,12,21672,24404,46076,0,0,0,21672,24404,46076
All Australian Airports,2017,12,5210078,5210078,10420156,1773170,2053765,3826935,6983248,7263843,14247091
BALLINA,2017,12,26533,24745,51278,0,0,0,26533,24745,51278
BRISBANE,2017,12,763468,738050,1501518,257004,294531,551535,1020472,1032581,2053053
CAIRNS,2017,12,187915,179021,366936,29556,34214,63770,217471,213235,430706
CANBERRA,2017,12,117225,128234,245459,3747,5094,8841,120972,133328,254300
DARWIN,2017,12,62766,74441,137207,8449,14230,22679,71215,88671,159886
GOLD COAST,2017,12,256458,245478,501936,48111,54377,102488,304569,299855,604424
HOBART,2017,12,135137,120368,255505,0,0,0,135137,120368,255505
KARRATHA,2017,12,14755,18450,33205,0,0,0,14755,18450,33205
LAUNCESTON,2017,12,75367,64845,140212,0,0,0,75367,64845,140212
MACKAY,2017,12,31907,33663,65570,0,0,0,31907,33663,65570
MELBOURNE,2017,12,1083418,1118622,2202040,478099,537167,1015266,1561517,1655789,3217306
NEWCASTLE,2017,12,56807,55893,112700,0,0,0,56807,55893,112700
PERTH,2017,12,359066,346366,705432,183881,225031,408912,542947,571397,1114344
PROSERPINE,2017,12,22559,22502,45061,0,0,0,22559,22502,45061
ROCKHAMPTON,2017,12,22595,22644,45239,0,0,0,22595,22644,45239
SUNSHINE COAST,2017,12,57051,53346,110397,0,0,0,57051,53346,110397
SYDNEY,2017,12,1186961,1189870,2376831,720485,834514,1554999,1907446,2024384,3931830
TOWNSVILLE,2017,12,65924,70774,136698,1467,2055,3522,67391,72829,140220
ADELAIDE,2018,1,300307,304558,604865,58412,47172,105584,358719,351730,710449
ALICE SPRINGS,2018,1,22657,19718,42375,0,0,0,22657,19718,42375
All Australian Airports,2018,1,5043999,5043999,10087998,2098405,1786996,3885401,7142404,6830995,13973399
BALLINA,2018,1,27192,29470,56662,0,0,0,27192,29470,56662
BRISBANE,2018,1,681869,696460,1378329,296079,248966,545045,977948,945426,1923374
CAIRNS,2018,1,174815,189015,363830,33610,29869,63479,208425,218884,427309
CANBERRA,2018,1,104856,94239,199095,5278,3714,8992,110134,97953,208087
DARWIN,2018,1,70195,59492,129687,15625,10304,25929,85820,69796,155616
GOLD COAST,2018,1,262917,283349,546266,55665,47400,103065,318582,330749,649331
HOBART,2018,1,125218,141366,266584,0,0,0,125218,141366,266584
KARRATHA,2018,1,18381,15119,33500,0,0,0,18381,15119,33500
LAUNCESTON,2018,1,68889,78405,147294,0,0,0,68889,78405,147294
MACKAY,2018,1,31550,29835,61385,0,0,0,31550,29835,61385
MELBOURNE,2018,1,1109308,1061660,2170968,547626,473098,1020724,1656934,1534758,3191692
NEWCASTLE,2018,1,52052,52721,104773,0,0,0,52052,52721,104773
PERTH,2018,1,338970,354520,693490,230724,190208,420932,569694,544728,1114422
PROSERPINE,2018,1,21993,22945,44938,0,0,0,21993,22945,44938
ROCKHAMPTON,2018,1,21014,19404,40418,0,0,0,21014,19404,40418
SUNSHINE COAST,2018,1,56675,62979,119654,0,0,0,56675,62979,119654
SYDNEY,2018,1,1153562,1141771,2295333,852699,733634,1586333,2006261,1875405,3881666
TOWNSVILLE,2018,1,62969,57216,120185,2279,2327,4606,65248,59543,124791
ADELAIDE,2018,2,276851,270512,547363,40981,32712,73693,317832,303224,621056
ALICE SPRINGS,2018,2,21131,20168,41299,0,0,0,21131,20168,41299
All Australian Airports,2018,2,4504668,4504668,9009336,1697805,1489815,3187620,6202473,5994483,12196956
BALLINA,2018,2,20782,20844,41626,0,0,0,20782,20844,41626
BRISBANE,2018,2,627502,632036,1259538,231627,211703,443330,859129,843739,1702868
CAIRNS,2018,2,148120,153832,301952,29756,28672,58428,177876,182504,360380
CANBERRA,2018,2,119614,114799,234413,3841,3174,7015,123455,117973,241428
DARWIN,2018,2,51245,52088,103333,8919,7364,16283,60164,59452,119616
GOLD COAST,2018,2,198220,201132,399352,41025,37190,78215,239245,238322,477567
HOBART,2018,2,113258,109757,223015,0,0,0,113258,109757,223015
KARRATHA,2018,2,16207,16221,32428,0,0,0,16207,16221,32428
LAUNCESTON,2018,2,57763,56071,113834,0,0,0,57763,56071,113834
MACKAY,2018,2,28109,28290,56399,0,0,0,28109,28290,56399
MELBOURNE,2018,2,968029,959519,1927548,469329,401858,871187,1437358,1361377,2798735
NEWCASTLE,2018,2,46282,46490,92772,0,0,0,46282,46490,92772
PERTH,2018,2,293283,294222,587505,173590,147109,320699,466873,441331,908204
PROSERPINE,2018,2,18462,18792,37254,0,0,0,18462,18792,37254
ROCKHAMPTON,2018,2,19329,19416,38745,0,0,0,19329,19416,38745
SUNSHINE COAST,2018,2,39789,40298,80087,0,0,0,39789,40298,80087
SYDNEY,2018,2,1065983,1071878,2137861,696311,617701,1314012,1762294,1689579,3451873
TOWNSVILLE,2018,2,51968,52403,104371,2180,2140,4320,54148,54543,108691
ADELAIDE,2018,3,320101,318876,638977,37451,40042,77493,357552,358918,716470
ALICE SPRINGS,2018,3,25972,25001,50973,0,0,0,25972,25001,50973
All Australian Airports,2018,3,5190608,5190608,10381216,1660037,1710242,3370279,6850645,6900850,13751495
BALLINA,2018,3,22795,21894,44689,0,0,0,22795,21894,44689
BRISBANE,2018,3,732614,724871,1457485,241454,245843,487297,974068,970714,1944782
CAIRNS,2018,3,166498,160548,327046,28706,30677,59383,195204,191225,386429
CANBERRA,2018,3,138912,143798,282710,3975,3737,7712,142887,147535,290422
DARWIN,2018,3,63324,64030,127354,7718,8106,15824,71042,72136,143178
GOLD COAST,2018,3,229124,222321,451445,44258,44035,88293,273382,266356,539738
HOBART,2018,3,123639,124859,248498,0,0,0,123639,124859,248498
KARRATHA,2018,3,17697,18856,36553,0,0,0,17697,18856,36553
LAUNCESTON,2018,3,65920,66465,132385,0,0,0,65920,66465,132385
MACKAY,2018,3,33788,34250,68038,0,0,0,33788,34250,68038
MELBOURNE,2018,3,1098311,1128272,2226583,445563,464345,909908,1543874,1592617,3136491
NEWCASTLE,2018,3,53843,53255,107098,0,0,0,53843,53255,107098
PERTH,2018,3,347987,339031,687018,172623,178886,351509,520610,517917,1038527
PROSERPINE,2018,3,18620,18345,36965,0,0,0,18620,18345,36965
ROCKHAMPTON,2018,3,23895,23665,47560,0,0,0,23895,23665,47560
SUNSHINE COAST,2018,3,48749,46397,95146,0,0,0,48749,46397,95146
SYDNEY,2018,3,1207474,1205485,2412959,676261,692921,1369182,1883735,1898406,3782141
TOWNSVILLE,2018,3,67182,67984,135166,1744,1355,3099,68926,69339,138265
ADELAIDE,2018,4,311318,316660,627978,36246,41703,77949,347564,358363,705927
ALICE SPRINGS,2018,4,24433,24367,48800,0,0,0,24433,24367,48800
All Australian Airports,2018,4,5039703,5039703,10079406,1664141,1697992,3362133,6703844,6737695,13441539
BALLINA,2018,4,23004,24426,47430,0,0,0,23004,24426,47430
BRISBANE,2018,4,702211,701528,1403739,243330,247399,490729,945541,948927,1894468
CAIRNS,2018,4,169060,177203,346263,24471,25518,49989,193531,202721,396252
CANBERRA,2018,4,128524,128730,257254,4859,4717,9576,133383,133447,266830
DARWIN,2018,4,71217,69050,140267,9102,9005,18107,80319,78055,158374
GOLD COAST,2018,4,234754,242712,477466,48166,42169,90335,282920,284881,567801
HOBART,2018,4,111145,118749,229894,0,0,0,111145,118749,229894
KARRATHA,2018,4,18165,17789,35954,0,0,0,18165,17789,35954
LAUNCESTON,2018,4,59241,63764,123005,0,0,0,59241,63764,123005
MACKAY,2018,4,31371,30937,62308,0,0,0,31371,30937,62308
MELBOURNE,2018,4,1084246,1051772,2136018,453020,441242,894262,1537266,1493014,3030280
NEWCASTLE,2018,4,51911,53359,105270,0,0,0,51911,53359,105270
PERTH,2018,4,338271,345743,684014,171396,184847,356243,509667,530590,1040257
PROSERPINE,2018,4,17833,18279,36112,0,0,0,17833,18279,36112
ROCKHAMPTON,2018,4,21851,21368,43219,0,0,0,21851,21368,43219
SUNSHINE COAST,2018,4,50703,52628,103331,0,0,0,50703,52628,103331
SYDNEY,2018,4,1164271,1149887,2314158,672810,700606,1373416,1837081,1850493,3687574
TOWNSVILLE,2018,4,63974,63336,127310,415,443,858,64389,63779,128168
ADELAIDE,2018,5,294206,295304,589510,34981,39547,74528,329187,334851,664038
ALICE SPRINGS,2018,5,24611,25403,50014,0,0,0,24611,25403,50014
All Australian Airports,2018,5,4822555,4822555,9645110,1477266,1549386,3026652,6299821,6371941,12671762
BALLINA,2018,5,18588,18802,37390,0,0,0,18588,18802,37390
BRISBANE,2018,5,705597,704367,1409964,222438,234141,456579,928035,938508,1866543
CAIRNS,2018,5,160164,161252,321416,20491,23509,44000,180655,184761,365416
CANBERRA,2018,5,135746,136978,272724,2930,4225,7155,138676,141203,279879
DARWIN,2018,5,74684,72552,147236,7979,8184,16163,82663,80736,163399
GOLD COAST,2018,5,195129,197669,392798,38091,36695,74786,233220,234364,467584
HOBART,2018,5,90232,93341,183573,0,0,0,90232,93341,183573
KARRATHA,2018,5,19779,19469,39248,0,0,0,19779,19469,39248
LAUNCESTON,2018,5,45400,47383,92783,0,0,0,45400,47383,92783
MACKAY,2018,5,34118,34075,68193,0,0,0,34118,34075,68193
MELBOURNE,2018,5,1000156,1007655,2007811,387395,413425,800820,1387551,1421080,2808631
NEWCASTLE,2018,5,51059,50825,101884,0,0,0,51059,50825,101884
PERTH,2018,5,332088,332706,664794,156686,164906,321592,488774,497612,986386
PROSERPINE,2018,5,15367,15854,31221,0,0,0,15367,15854,31221
ROCKHAMPTON,2018,5,26196,25796,51992,0,0,0,26196,25796,51992
SUNSHINE COAST,2018,5,41866,42680,84546,0,0,0,41866,42680,84546
SYDNEY,2018,5,1115328,1093690,2209018,605693,624178,1229871,1721021,1717868,3438889
TOWNSVILLE,2018,5,66895,67054,133949,263,284,547,67158,67338,134496
ADELAIDE,2018,6,279737,278632,558369,34610,43963,78573,314347,322595,636942
ALICE SPRINGS,2018,6,25678,25389,51067,0,0,0,25678,25389,51067
All Australian Airports,2018,6,4675646,4675646,9351292,1504833,1772073,3276906,6180479,6447719,12628198
BALLINA,2018,6,18215,17502,35717,0,0,0,18215,17502,35717
BRISBANE,2018,6,684834,679775,1364609,230782,257206,487988,915616,936981,1852597
CAIRNS,2018,6,172358,162744,335102,22089,23370,45459,194447,186114,380561
CANBERRA,2018,6,127237,129749,256986,3422,4773,8195,130659,134522,265181
DARWIN,2018,6,83217,79197,162414,9976,10931,20907,93193,90128,183321
GOLD COAST,2018,6,198752,191807,390559,39070,41285,80355,237822,233092,470914
HOBART,2018,6,91837,92643,184480,0,0,0,91837,92643,184480
KARRATHA,2018,6,18066,18853,36919,0,0,0,18066,18853,36919
LAUNCESTON,2018,6,45514,45946,91460,0,0,0,45514,45946,91460
MACKAY,2018,6,32254,32073,64327,0,0,0,32254,32073,64327
MELBOURNE,2018,6,962605,1010009,1972614,410590,492367,902957,1373195,1502376,2875571
NEWCASTLE,2018,6,47515,47511,95026,0,0,0,47515,47511,95026
PERTH,2018,6,310124,310390,620514,160492,195155,355647,470616,505545,976161
PROSERPINE,2018,6,15845,15120,30965,0,0,0,15845,15120,30965
ROCKHAMPTON,2018,6,22731,23045,45776,0,0,0,22731,23045,45776
SUNSHINE COAST,2018,6,42877,40596,83473,0,0,0,42877,40596,83473
SYDNEY,2018,6,1075953,1052376,2128329,592992,702206,1295198,1668945,1754582,3423527
TOWNSVILLE,2018,6,65091,65021,130112,375,318,693,65466,65339,130805
ADELAIDE,2018,7,318564,319765,638329,48394,42872,91266,366958,362637,729595
ALICE SPRINGS,2018,7,31115,32572,63687,0,0,0,31115,32572,63687
All Australian Airports,2018,7,5397177,5397177,10794354,1994170,1716945,3711115,7391347,7114122,14505469
BALLINA,2018,7,22997,23183,46180,0,0,0,22997,23183,46180
BRISBANE,2018,7,803426,793303,1596729,297336,255284,552620,1100762,1048587,2149349
CAIRNS,2018,7,210462,214490,424952,32402,27031,59433,242864,241521,484385
CANBERRA,2018,7,141914,138351,280265,4197,4585,8782,146111,142936,289047
DARWIN,2018,7,95326,98625,193951,10465,9930,20395,105791,108555,214346
GOLD COAST,2018,7,238435,239301,477736,50439,43182,93621,288874,282483,571357
HOBART,2018,7,106020,106872,212892,0,0,0,106020,106872,212892
KARRATHA,2018,7,20535,19601,40136,0,0,0,20535,19601,40136
LAUNCESTON,2018,7,56721,58072,114793,0,0,0,56721,58072,114793
MACKAY,2018,7,38841,38656,77497,0,0,0,38841,38656,77497
MELBOURNE,2018,7,1149198,1116250,2265448,538582,455634,994216,1687780,1571884,3259664
NEWCASTLE,2018,7,54305,54782,109087,0,0,0,54305,54782,109087
PERTH,2018,7,356414,360646,717060,216000,180045,396045,572414,540691,1113105
PROSERPINE,2018,7,19896,20072,39968,0,0,0,19896,20072,39968
ROCKHAMPTON,2018,7,23750,23741,47491,0,0,0,23750,23741,47491
SUNSHINE COAST,2018,7,55230,54396,109626,1943,1380,3323,57173,55776,112949
SYDNEY,2018,7,1185423,1217202,2402625,793662,696321,1489983,1979085,1913523,3892608
TOWNSVILLE,2018,7,80489,78946,159435,425,383,808,80914,79329,160243
ADELAIDE,2018,8,303083,299851,602934,43581,43992,87573,346664,343843,690507
ALICE SPRINGS,2018,8,29020,31157,60177,0,0,0,29020,31157,60177
All Australian Airports,2018,8,5143248,5143248,10286496,1711828,1757645,3469473,6855076,6900893,13755969
BALLINA,2018,8,20039,20084,40123,0,0,0,20039,20084,40123
BRISBANE,2018,8,756649,754898,1511547,256833,277712,534545,1013482,1032610,2046092
CAIRNS,2018,8,196958,203255,400213,33261,36904,70165,230219,240159,470378
CANBERRA,2018,8,140734,141717,282451,3593,4245,7838,144327,145962,290289
DARWIN,2018,8,84846,89989,174835,10085,10455,20540,94931,100444,195375
GOLD COAST,2018,8,222751,224919,447670,43070,42826,85896,265821,267745,533566
HOBART,2018,8,94063,94842,188905,0,0,0,94063,94842,188905
KARRATHA,2018,8,19304,20876,40180,0,0,0,19304,20876,40180
LAUNCESTON,2018,8,47423,47206,94629,0,0,0,47423,47206,94629
MACKAY,2018,8,37238,38024,75262,0,0,0,37238,38024,75262
MELBOURNE,2018,8,1074421,1068580,2143001,464566,473550,938116,1538987,1542130,3081117
NEWCASTLE,2018,8,51834,51579,103413,0,0,0,51834,51579,103413
PERTH,2018,8,334133,329291,663424,178516,178586,357102,512649,507877,1020526
PROSERPINE,2018,8,18869,19086,37955,0,0,0,18869,19086,37955
ROCKHAMPTON,2018,8,25001,25028,50029,0,0,0,25001,25028,50029
SUNSHINE COAST,2018,8,51496,51623,103119,2175,1991,4166,53671,53614,107285
SYDNEY,2018,8,1169183,1156881,2326064,675440,686667,1362107,1844623,1843548,3688171
TOWNSVILLE,2018,8,72455,74122,146577,354,318,672,72809,74440,147249
ADELAIDE,2018,9,300580,300750,601330,45590,43804,89394,346170,344554,690724
ALICE SPRINGS,2018,9,28198,28500,56698,0,0,0,28198,28500,56698
All Australian Airports,2018,9,5040389,5040389,10080778,1710672,1752050,3462722,6751061,6792439,13543500
BALLINA,2018,9,21971,20995,42966,0,0,0,21971,20995,42966
BRISBANE,2018,9,732027,722595,1454622,257304,271474,528778,989331,994069,1983400
CAIRNS,2018,9,186993,181215,368208,26298,27264,53562,213291,208479,421770
CANBERRA,2018,9,134735,135431,270166,3749,4719,8468,138484,140150,278634
DARWIN,2018,9,79790,80661,160451,9327,9011,18338,89117,89672,178789
GOLD COAST,2018,9,232596,223958,456554,38337,40845,79182,270933,264803,535736
HOBART,2018,9,101772,96920,198692,0,0,0,101772,96920,198692
KARRATHA,2018,9,17771,18959,36730,0,0,0,17771,18959,36730
LAUNCESTON,2018,9,51454,49146,100600,0,0,0,51454,49146,100600
MACKAY,2018,9,34386,34831,69217,0,0,0,34386,34831,69217
MELBOURNE,2018,9,1057707,1073931,2131638,471762,479739,951501,1529469,1553670,3083139
NEWCASTLE,2018,9,50936,50634,101570,0,0,0,50936,50634,101570
PERTH,2018,9,339438,345477,684915,182920,187834,370754,522358,533311,1055669
PROSERPINE,2018,9,19247,19046,38293,0,0,0,19247,19046,38293
ROCKHAMPTON,2018,9,22995,23668,46663,0,0,0,22995,23668,46663
SUNSHINE COAST,2018,9,55141,53132,108273,1918,1727,3645,57059,54859,111918
SYDNEY,2018,9,1127214,1132581,2259795,672762,684833,1357595,1799976,1817414,3617390
TOWNSVILLE,2018,9,67395,69792,137187,252,332,584,67647,70124,137771
ADELAIDE,2018,10,329727,327636,657363,49784,38321,88105,379511,365957,745468
ALICE SPRINGS,2018,10,28754,29437,58191,0,0,0,28754,29437,58191
All Australian Airports,2018,10,5452401,5452401,10904802,1925383,1622374,3547757,7377784,7074775,14452559
BALLINA,2018,10,25099,25794,50893,0,0,0,25099,25794,50893
BRISBANE,2018,10,775645,787653,1563298,284433,248094,532527,1060078,1035747,2095825
CAIRNS,2018,10,191602,202568,394170,28446,26124,54570,220048,228692,448740
CANBERRA,2018,10,149456,142604,292060,3923,3360,7283,153379,145964,299343
DARWIN,2018,10,73610,78710,152320,9424,8537,17961,83034,87247,170281
GOLD COAST,2018,10,239357,247668,487025,44146,42429,86575,283503,290097,573600
HOBART,2018,10,118753,117015,235768,0,0,0,118753,117015,235768
KARRATHA,2018,10,20349,19233,39582,0,0,0,20349,19233,39582
LAUNCESTON,2018,10,57836,57111,114947,0,0,0,57836,57111,114947
MACKAY,2018,10,35683,35066,70749,0,0,0,35683,35066,70749
MELBOURNE,2018,10,1166132,1142931,2309063,523788,436520,960308,1689920,1579451,3269371
NEWCASTLE,2018,10,55775,56109,111884,0,0,0,55775,56109,111884
PERTH,2018,10,367669,363399,731068,199858,160469,360327,567527,523868,1091395
PROSERPINE,2018,10,20304,21563,41867,0,0,0,20304,21563,41867
ROCKHAMPTON,2018,10,24857,24440,49297,0,0,0,24857,24440,49297
SUNSHINE COAST,2018,10,56206,58514,114720,1583,1586,3169,57789,60100,117889
SYDNEY,2018,10,1241043,1241669,2482712,779641,656652,1436293,2020684,1898321,3919005
TOWNSVILLE,2018,10,70570,69634,140204,0,0,0,70570,69634,140204
ADELAIDE,2018,11,317799,316175,633974,40957,41321,82278,358756,357496,716252
ALICE SPRINGS,2018,11,26065,26941,53006,0,0,0,26065,26941,53006
All Australian Airports,2018,11,5186397,5186397,10372794,1636769,1687907,3324676,6823166,6874304,13697470
BALLINA,2018,11,21694,21290,42984,0,0,0,21694,21290,42984
BRISBANE,2018,11,745591,744689,1490280,231942,246721,478663,977533,991410,1968943
CAIRNS,2018,11,169838,173124,342962,22546,22310,44856,192384,195434,387818
CANBERRA,2018,11,142780,143912,286692,3035,3992,7027,145815,147904,293719
DARWIN,2018,11,61117,63006,124123,8426,8618,17044,69543,71624,141167
GOLD COAST,2018,11,223284,223640,446924,35905,37921,73826,259189,261561,520750
HOBART,2018,11,119996,117668,237664,0,0,0,119996,117668,237664
KARRATHA,2018,11,18693,19284,37977,0,0,0,18693,19284,37977
LAUNCESTON,2018,11,58989,58231,117220,0,0,0,58989,58231,117220
MACKAY,2018,11,33423,34034,67457,0,0,0,33423,34034,67457
MELBOURNE,2018,11,1117298,1107531,2224829,461965,473126,935091,1579263,1580657,3159920
NEWCASTLE,2018,11,55787,56252,112039,295,279,574,56082,56531,112613
PERTH,2018,11,346125,341988,688113,168215,169049,337264,514340,511037,1025377
PROSERPINE,2018,11,17771,18077,35848,0,0,0,17771,18077,35848
ROCKHAMPTON,2018,11,22684,23271,45955,0,0,0,22684,23271,45955
SUNSHINE COAST,2018,11,53067,53467,106534,0,0,0,53067,53467,106534
SYDNEY,2018,11,1190236,1191362,2381598,663086,684189,1347275,1853322,1875551,3728873
TOWNSVILLE,2018,11,63340,65756,129096,0,0,0,63340,65756,129096
ADELAIDE,2018,12,309982,309368,619350,44574,54951,99525,354556,364319,718875
ALICE SPRINGS,2018,12,20736,24389,45125,0,0,0,20736,24389,45125
All Australian Airports,2018,12,5101681,5101681,10203362,1808282,2142297,3950579,6909963,7243978,14153941
BALLINA,2018,12,26557,24963,51520,0,0,0,26557,24963,51520
BRISBANE,2018,12,744079,720310,1464389,265519,308614,574133,1009598,1028924,2038522
CAIRNS,2018,12,182221,174912,357133,28415,30812,59227,210636,205724,416360
CANBERRA,2018,12,115000,123327,238327,2230,4649,6879,117230,127976,245206
DARWIN,2018,12,58453,69368,127821,7985,13115,21100,66438,82483,148921
GOLD COAST,2018,12,249216,238173,487389,41245,49804,91049,290461,287977,578438
HOBART,2018,12,141828,124835,266663,0,0,0,141828,124835,266663
KARRATHA,2018,12,14547,17695,32242,0,0,0,14547,17695,32242
LAUNCESTON,2018,12,73906,64885,138791,0,0,0,73906,64885,138791
MACKAY,2018,12,32543,34591,67134,0,0,0,32543,34591,67134
MELBOURNE,2018,12,1066835,1110389,2177224,481836,562958,1044794,1548671,1673347,3222018
NEWCASTLE,2018,12,53528,52785,106313,1004,1162,2166,54532,53947,108479
PERTH,2018,12,353421,336559,689980,187566,230291,417857,540987,566850,1107837
PROSERPINE,2018,12,18653,18536,37189,0,0,0,18653,18536,37189
ROCKHAMPTON,2018,12,21740,22711,44451,0,0,0,21740,22711,44451
SUNSHINE COAST,2018,12,57912,54181,112093,0,0,0,57912,54181,112093
SYDNEY,2018,12,1155410,1161411,2316821,734848,866372,1601220,1890258,2027783,3918041
TOWNSVILLE,2018,12,63038,67481,130519,0,0,0,63038,67481,130519
ADELAIDE,2019,1,293965,298986,592951,58221,49255,107476,352186,348241,700427
ALICE SPRINGS,2019,1,21423,18851,40274,0,0,0,21423,18851,40274
All Australian Airports,2019,1,5027336,5027336,10054672,2187442,1885630,4073072,7214778,6912966,14127744
BALLINA,2019,1,27119,29344,56463,0,0,0,27119,29344,56463
BRISBANE,2019,1,680091,694414,1374505,317314,268620,585934,997405,963034,1960439
CAIRNS,2019,1,165466,182593,348059,35119,28466,63585,200585,211059,411644
CANBERRA,2019,1,106793,94755,201548,3290,3445,6735,110083,98200,208283
DARWIN,2019,1,64106,54772,118878,13501,9880,23381,77607,64652,142259
GOLD COAST,2019,1,262601,279573,542174,50028,45595,95623,312629,325168,637797
HOBART,2019,1,130366,147840,278206,0,0,0,130366,147840,278206
KARRATHA,2019,1,19400,16331,35731,0,0,0,19400,16331,35731
LAUNCESTON,2019,1,70824,79017,149841,0,0,0,70824,79017,149841
MACKAY,2019,1,31850,30538,62388,0,0,0,31850,30538,62388
MELBOURNE,2019,1,1121723,1066341,2188064,568799,501288,1070087,1690522,1567629,3258151
NEWCASTLE,2019,1,53197,53766,106963,1575,1278,2853,54772,55044,109816
PERTH,2019,1,333792,355008,688800,230405,191656,422061,564197,546664,1110861
PROSERPINE,2019,1,18536,19795,38331,0,0,0,18536,19795,38331
ROCKHAMPTON,2019,1,21021,19909,40930,0,0,0,21021,19909,40930
SUNSHINE COAST,2019,1,55988,61362,117350,0,0,0,55988,61362,117350
SYDNEY,2019,1,1151296,1138031,2289327,887489,768912,1656401,2038785,1906943,3945728
TOWNSVILLE,2019,1,61344,56845,118189,0,0,0,61344,56845,118189
ADELAIDE,2019,2,278620,272735,551355,44990,35260,80250,323610,307995,631605
ALICE SPRINGS,2019,2,20030,19066,39096,0,0,0,20030,19066,39096
All Australian Airports,2019,2,4463182,4463182,8926364,1757525,1499283,3256808,6220707,5962465,12183172
BALLINA,2019,2,18999,19168,38167,0,0,0,18999,19168,38167
BRISBANE,2019,2,616250,622404,1238654,242960,216993,459953,859210,839397,1698607
CAIRNS,2019,2,137677,144222,281899,30795,25815,56610,168472,170037,338509
CANBERRA,2019,2,120670,118342,239012,2839,2678,5517,123509,121020,244529
DARWIN,2019,2,50512,50845,101357,9136,6754,15890,59648,57599,117247
GOLD COAST,2019,2,190989,197259,388248,37158,33065,70223,228147,230324,458471
HOBART,2019,2,118030,113881,231911,0,0,0,118030,113881,231911
KARRATHA,2019,2,16700,17111,33811,0,0,0,16700,17111,33811
LAUNCESTON,2019,2,58763,58499,117262,0,0,0,58763,58499,117262
MACKAY,2019,2,29585,29908,59493,0,0,0,29585,29908,59493
MELBOURNE,2019,2,981359,971364,1952723,483548,405796,889344,1464907,1377160,2842067
NEWCASTLE,2019,2,45697,46100,91797,619,475,1094,46316,46575,92891
PERTH,2019,2,292431,290188,582619,177469,147449,324918,469900,437637,907537
PROSERPINE,2019,2,14441,14851,29292,0,0,0,14441,14851,29292
ROCKHAMPTON,2019,2,20247,20267,40514,0,0,0,20247,20267,40514
SUNSHINE COAST,2019,2,38801,39935,78736,0,0,0,38801,39935,78736
SYDNEY,2019,2,1041047,1041948,2082995,707952,612960,1320912,1748999,1654908,3403907
TOWNSVILLE,2019,2,50268,49998,100266,0,0,0,50268,49998,100266
ADELAIDE,2019,3,314477,318070,632547,38857,39981,78838,353334,358051,711385
ALICE SPRINGS,2019,3,24544,23907,48451,0,0,0,24544,23907,48451
All Australian Airports,2019,3,5023774,5023774,10047548,1629562,1657341,3286903,6653336,6681115,13334451
BALLINA,2019,3,22612,22596,45208,0,0,0,22612,22596,45208
BRISBANE,2019,3,718000,708711,1426711,236208,242477,478685,954208,951188,1905396
CAIRNS,2019,3,148353,148820,297173,27643,27018,54661,175996,175838,351834
CANBERRA,2019,3,135197,135475,270672,2592,3492,6084,137789,138967,276756
DARWIN,2019,3,59456,58082,117538,7932,7402,15334,67388,65484,132872
GOLD COAST,2019,3,213949,211594,425543,37533,36254,73787,251482,247848,499330
HOBART,2019,3,120100,123918,244018,0,0,0,120100,123918,244018
KARRATHA,2019,3,17479,17698,35177,0,0,0,17479,17698,35177
LAUNCESTON,2019,3,61397,64660,126057,0,0,0,61397,64660,126057
MACKAY,2019,3,33247,33805,67052,0,0,0,33247,33805,67052
MELBOURNE,2019,3,1086603,1092582,2179185,441993,445454,887447,1528596,1538036,3066632
NEWCASTLE,2019,3,53342,53523,106865,0,0,0,53342,53523,106865
PERTH,2019,3,327527,324347,651874,163843,169358,333201,491370,493705,985075
PROSERPINE,2019,3,16209,16151,32360,0,0,0,16209,16151,32360
ROCKHAMPTON,2019,3,23204,23353,46557,0,0,0,23204,23353,46557
SUNSHINE COAST,2019,3,48596,47462,96058,0,0,0,48596,47462,96058
SYDNEY,2019,3,1168035,1163665,2331700,656438,672111,1328549,1824473,1835776,3660249
TOWNSVILLE,2019,3,63554,64789,128343,0,0,0,63554,64789,128343
ADELAIDE,2019,4,315393,315365,630758,40996,46294,87290,356389,361659,718048
ALICE SPRINGS,2019,4,23250,24027,47277,0,0,0,23250,24027,47277
All Australian Airports,2019,4,5110354,5110354,10220708,1701680,1801316,3502996,6812034,6911670,13723704
BALLINA,2019,4,24051,23949,48000,0,0,0,24051,23949,48000
BRISBANE,2019,4,729715,729446,1459161,253286,268696,521982,983001,998142,1981143
CAIRNS,2019,4,174165,174537,348702,26308,26781,53089,200473,201318,401791
CANBERRA,2019,4,127461,127899,255360,2811,4239,7050,130272,132138,262410
DARWIN,2019,4,72138,69385,141523,10018,10067,20085,82156,79452,161608
GOLD COAST,2019,4,238715,240862,479577,41791,39330,81121,280506,280192,560698
HOBART,2019,4,114959,119517,234476,0,0,0,114959,119517,234476
KARRATHA,2019,4,20502,19057,39559,0,0,0,20502,19057,39559
LAUNCESTON,2019,4,63263,65723,128986,0,0,0,63263,65723,128986
MACKAY,2019,4,33412,32779,66191,0,0,0,33412,32779,66191
MELBOURNE,2019,4,1087004,1087168,2174172,454777,480480,935257,1541781,1567648,3109429
NEWCASTLE,2019,4,53436,53930,107366,0,0,0,53436,53930,107366
PERTH,2019,4,344871,346786,691657,171753,185698,357451,516624,532484,1049108
PROSERPINE,2019,4,19048,18648,37696,0,0,0,19048,18648,37696
ROCKHAMPTON,2019,4,22961,22699,45660,0,0,0,22961,22699,45660
SUNSHINE COAST,2019,4,57922,57602,115524,0,0,0,57922,57602,115524
SYDNEY,2019,4,1143091,1140011,2283102,681293,719809,1401102,1824384,1859820,3684204
TOWNSVILLE,2019,4,67238,66720,133958,0,0,0,67238,66720,133958
ADELAIDE,2019,5,294271,296479,590750,38454,43024,81478,332725,339503,672228
ALICE SPRINGS,2019,5,22088,22497,44585,0,0,0,22088,22497,44585
All Australian Airports,2019,5,4846171,4846171,9692342,1579940,1627989,3207929,6426111,6474160,12900271
BALLINA,2019,5,18031,18257,36288,0,0,0,18031,18257,36288
BRISBANE,2019,5,713788,705407,1419195,239373,246644,486017,953161,952051,1905212
CAIRNS,2019,5,155803,156734,312537,21477,24463,45940,177280,181197,358477
CANBERRA,2019,5,130101,132847,262948,2984,4365,7349,133085,137212,270297
DARWIN,2019,5,72174,69792,141966,10481,11013,21494,82655,80805,163460
GOLD COAST,2019,5,202582,203317,405899,33718,31375,65093,236300,234692,470992
HOBART,2019,5,95801,98915,194716,0,0,0,95801,98915,194716
KARRATHA,2019,5,19119,20624,39743,0,0,0,19119,20624,39743
LAUNCESTON,2019,5,46938,49185,96123,0,0,0,46938,49185,96123
MACKAY,2019,5,35423,36124,71547,0,0,0,35423,36124,71547
MELBOURNE,2019,5,1010459,1006610,2017069,414186,429113,843299,1424645,1435723,2860368
NEWCASTLE,2019,5,51067,51398,102465,0,0,0,51067,51398,102465
PERTH,2019,5,329858,330470,660328,158107,163144,321251,487965,493614,981579
PROSERPINE,2019,5,15733,16071,31804,0,0,0,15733,16071,31804
ROCKHAMPTON,2019,5,24496,24526,49022,0,0,0,24496,24526,49022
SUNSHINE COAST,2019,5,45297,45610,90907,0,0,0,45297,45610,90907
SYDNEY,2019,5,1112636,1105077,2217713,641103,658473,1299576,1753739,1763550,3517289
TOWNSVILLE,2019,5,67451,67615,135066,0,0,0,67451,67615,135066
